0.000000000000000000e+00
0.000000000000000000e+00
4.110996916752312491e-01
4.727646454265159726e+00
6.269270298047276313e+00
9.969167523124356833e+00
1.253854059609455263e+01
1.562178828365878758e+01
1.695786228160329046e+01
1.849948612538540615e+01
1.798561151079136522e+01
1.623843782117163315e+01
1.562178828365878758e+01
1.603288797533401677e+01
1.521068859198355661e+01
1.438848920863309289e+01
1.510791366906474842e+01
1.562178828365878758e+01
1.428571428571428470e+01
1.387461459403905550e+01
1.171634121274409068e+01
1.109969167523124334e+01
1.202466598150051347e+01
1.356628982528263272e+01
1.623843782117163315e+01
2.045220966084275460e+01
2.415210688591983512e+01
2.733812949640287826e+01
3.052415210688592140e+01
3.432682425488181366e+01
3.556012332990749769e+01
3.257965056526207803e+01
2.970195272353545590e+01
2.435765673175745150e+01
1.849948612538540615e+01
1.664953751284686589e+01
1.623843782117163315e+01
1.932168550873586810e+01
2.158273381294964111e+01
2.189105858170606211e+01
2.517985611510791344e+01
2.682425488180884088e+01
2.867420349434737759e+01
2.291880781089414398e+01
2.353545734840698955e+01
2.528263103802672163e+01
2.517985611510791344e+01
2.322713257965056499e+01
2.600205549845837538e+01
2.692702980472764906e+01
2.774922918807811101e+01
2.816032887975333665e+01
3.021582733812949684e+01
2.908530318602261033e+01
2.805755395683452846e+01
2.661870503597122450e+01
2.507708119218910525e+01
2.435765673175745150e+01
2.384378211716341056e+01
2.332990750256937318e+01
2.353545734840698955e+01
2.332990750256937318e+01
2.322713257965056499e+01
2.353545734840698955e+01
2.528263103802672163e+01
2.692702980472764906e+01
2.672147995889003269e+01
2.559095580678314263e+01
2.312435765673176036e+01
2.322713257965056499e+01
2.363823227132579419e+01
2.353545734840698955e+01
2.332990750256937318e+01
2.312435765673176036e+01
2.302158273381295217e+01
2.312435765673176036e+01
2.189105858170606211e+01
1.582733812949640217e+01
1.541623843782117254e+00
0.000000000000000000e+00
