3.888888888888888951e-01
1.097222222222222099e+00
2.194444444444444198e+00
1.104166666666666741e+00
1.618055555555555580e+00
1.993055555555555580e+00
4.770833333333333037e+00
6.194444444444444642e+00
7.166666666666666963e+00
7.965277777777777679e+00
7.798611111111111605e+00
7.631944444444443754e+00
7.124999999999999112e+00
6.493055555555556246e+00
6.423611111111110716e+00
5.111111111111111605e+00
4.444444444444444642e+00
4.277777777777777679e+00
4.180555555555555358e+00
5.625000000000000000e+00
8.159722222222223209e+00
7.708333333333333925e+00
5.965277777777777679e+00
6.611111111111110716e+00
7.618055555555555358e+00
5.611111111111110716e+00
4.465277777777777679e+00
5.013888888888888395e+00
4.430555555555555358e+00
3.812500000000000000e+00
4.673611111111110716e+00
3.993055555555555358e+00
4.826388888888889284e+00
6.555555555555556246e+00
7.680555555555555358e+00
9.201388888888889284e+00
1.436111111111111072e+01
1.223611111111111072e+01
1.154861111111111072e+01
1.019444444444444464e+01
6.729166666666666963e+00
6.145833333333333037e+00
6.381944444444444642e+00
4.097222222222222321e+00
2.673611111111111160e+00
1.888888888888888840e+00
1.437500000000000000e+00
1.451388888888888840e+00
2.458333333333333037e+00
2.777777777777777679e+00
4.076388888888889284e+00
5.381944444444444642e+00
6.868055555555555358e+00
1.008333333333333215e+01
9.847222222222223209e+00
8.895833333333333925e+00
7.833333333333333925e+00
7.180555555555555358e+00
6.111111111111110716e+00
6.006944444444444642e+00
6.513888888888888395e+00
6.555555555555556246e+00
5.131944444444444642e+00
3.111111111111111160e+00
2.868055555555555802e+00
2.868055555555555802e+00
2.597222222222222321e+00
3.840277777777777679e+00
5.368055555555555358e+00
7.944444444444444642e+00
1.131944444444444464e+01
1.191666666666666785e+01
7.326388888888889284e+00
6.090277777777777679e+00
6.062500000000000000e+00
3.430555555555555358e+00
3.493055555555555358e+00
5.743055555555555358e+00
2.381944444444444642e+00
7.986111111111110494e-01
