3.595874321482006031e-01
6.953228336212442517e-01
5.677506089495709674e-01
1.269939936250027213e+00
6.927930727920609266e-01
1.040454489602682830e+00
1.174170419145229793e+00
1.106228271161449284e+00
1.273915274695886612e+00
1.177061574378582165e+00
1.364263875738148002e+00
1.429314868488576362e+00
2.000679421479838016e+00
1.445216222272014406e+00
1.750955888199027033e+00
9.258924634810953291e-01
8.695149364307243056e-01
1.173809024741060858e+00
8.051867324886340382e-01
7.488092054382630147e-01
1.048766560898571010e+00
8.348210736304959578e-01
8.886688398516837673e-01
1.006483415610792687e+00
1.032503812710964031e+00
9.786560464897762213e-01
1.010458754056652309e+00
8.489154553930887692e-01
6.667726756918895825e-01
7.733840249217580620e-01
5.955779780705875437e-01
5.037837994116498574e-01
5.442599726785830594e-01
5.963007668789256366e-01
6.328016016999993276e-01
6.053356269831517977e-01
5.583543544411758708e-01
5.738943138204447569e-01
5.887114843913756612e-01
5.760626802454591466e-01
5.811222019038257969e-01
5.681120033537401248e-01
6.927930727920609266e-01
6.768917190086228830e-01
7.188134698922321597e-01
7.459180502049106432e-01
7.253185691672749957e-01
6.855651847086799977e-01
5.934096116455732650e-01
6.071425990039970300e-01
5.782310466704733143e-01
5.601613264620209920e-01
5.814835963079947323e-01
5.876273011788685219e-01
5.493194943369497096e-01
5.782310466704733143e-01
5.594385376536830101e-01
5.597999320578520566e-01
5.775082578621353324e-01
5.594385376536830101e-01
5.446213670827521058e-01
5.352251125743568982e-01
5.348637181701878518e-01
5.305269853201592944e-01
4.911349952657332874e-01
5.287200132993140622e-01
4.705355142280976399e-01
4.658373869739000916e-01
4.477676667654478249e-01
4.857140792031975907e-01
4.893280232448881106e-01
5.229377028326093191e-01
5.822063851163328252e-01
5.446213670827521058e-01
5.673892145454020319e-01
5.785924410746424718e-01
5.941324004539113579e-01
6.580992099918325788e-01
6.956842280254132982e-01
8.069937045094793815e-01
8.781884021307813093e-01
9.775718632772689709e-01
9.049315880392908573e-01
1.001062499548257101e+00
1.186096434482808437e+00
1.336075112212962379e+00
1.160076037382637315e+00
1.196576872203710895e+00
1.142729105982522864e+00
1.460394787247114357e+00
1.300658460604396049e+00
1.251870216041574890e+00
1.370046186204852967e+00
1.156823487745115786e+00
1.140560739557508585e+00
1.479548690668073707e+00
