5.803571428571429180e+01
5.892857142857143060e+01
5.982142857142856940e+01
5.982142857142856940e+01
6.160714285714286120e+01
6.160714285714286120e+01
6.160714285714286120e+01
6.160714285714286120e+01
6.160714285714286120e+01
6.160714285714286120e+01
6.071428571428570820e+01
6.071428571428570820e+01
6.071428571428570820e+01
6.071428571428570820e+01
5.714285714285713880e+01
5.714285714285713880e+01
5.625000000000000000e+01
5.625000000000000000e+01
5.625000000000000000e+01
5.535714285714286120e+01
5.714285714285713880e+01
5.535714285714286120e+01
5.535714285714286120e+01
5.446428571428570820e+01
5.267857142857143060e+01
5.178571428571429180e+01
5.178571428571429180e+01
5.178571428571429180e+01
5.178571428571429180e+01
5.178571428571429180e+01
5.178571428571429180e+01
5.178571428571429180e+01
5.178571428571429180e+01
5.178571428571429180e+01
5.178571428571429180e+01
5.178571428571429180e+01
5.267857142857143060e+01
5.267857142857143060e+01
5.267857142857143060e+01
5.267857142857143060e+01
5.267857142857143060e+01
5.357142857142856940e+01
5.357142857142856940e+01
5.357142857142856940e+01
5.357142857142856940e+01
5.357142857142856940e+01
5.267857142857143060e+01
5.357142857142856940e+01
5.357142857142856940e+01
5.357142857142856940e+01
5.446428571428570820e+01
5.446428571428570820e+01
5.446428571428570820e+01
5.714285714285713880e+01
5.714285714285713880e+01
5.714285714285713880e+01
5.714285714285713880e+01
5.714285714285713880e+01
5.714285714285713880e+01
5.803571428571429180e+01
5.803571428571429180e+01
5.803571428571429180e+01
5.803571428571429180e+01
5.803571428571429180e+01
5.803571428571429180e+01
5.892857142857143060e+01
5.892857142857143060e+01
5.892857142857143060e+01
5.892857142857143060e+01
5.892857142857143060e+01
5.892857142857143060e+01
5.892857142857143060e+01
5.892857142857143060e+01
5.892857142857143060e+01
5.892857142857143060e+01
5.892857142857143060e+01
5.982142857142856940e+01
5.982142857142856940e+01
5.982142857142856940e+01
5.982142857142856940e+01
5.892857142857143060e+01
5.892857142857143060e+01
5.892857142857143060e+01
5.892857142857143060e+01
5.892857142857143060e+01
5.892857142857143060e+01
5.982142857142856940e+01
5.982142857142856940e+01
5.982142857142856940e+01
5.982142857142856940e+01
5.982142857142856940e+01
5.982142857142856940e+01
5.982142857142856940e+01
5.892857142857143060e+01
5.892857142857143060e+01
5.892857142857143060e+01
5.892857142857143060e+01
5.892857142857143060e+01
5.892857142857143060e+01
5.892857142857143060e+01
5.892857142857143060e+01
5.892857142857143060e+01
5.892857142857143060e+01
5.892857142857143060e+01
5.892857142857143060e+01
5.892857142857143060e+01
5.892857142857143060e+01
5.892857142857143060e+01
5.892857142857143060e+01
5.892857142857143060e+01
5.892857142857143060e+01
5.892857142857143060e+01
5.803571428571429180e+01
5.803571428571429180e+01
5.803571428571429180e+01
5.803571428571429180e+01
5.803571428571429180e+01
5.803571428571429180e+01
5.803571428571429180e+01
5.714285714285713880e+01
5.714285714285713880e+01
5.714285714285713880e+01
5.714285714285713880e+01
5.535714285714286120e+01
5.446428571428570820e+01
5.446428571428570820e+01
5.446428571428570820e+01
5.357142857142856940e+01
5.357142857142856940e+01
5.267857142857143060e+01
5.267857142857143060e+01
5.267857142857143060e+01
5.267857142857143060e+01
5.357142857142856940e+01
5.357142857142856940e+01
5.357142857142856940e+01
5.535714285714286120e+01
5.535714285714286120e+01
5.535714285714286120e+01
5.714285714285713880e+01
5.714285714285713880e+01
5.714285714285713880e+01
5.714285714285713880e+01
5.892857142857143060e+01
5.892857142857143060e+01
5.892857142857143060e+01
5.803571428571429180e+01
5.803571428571429180e+01
5.803571428571429180e+01
5.982142857142856940e+01
6.071428571428570820e+01
6.160714285714286120e+01
6.160714285714286120e+01
6.160714285714286120e+01
6.160714285714286120e+01
6.160714285714286120e+01
6.160714285714286120e+01
6.160714285714286120e+01
6.160714285714286120e+01
6.160714285714286120e+01
6.160714285714286120e+01
6.071428571428570820e+01
6.071428571428570820e+01
6.071428571428570820e+01
6.071428571428570820e+01
5.982142857142856940e+01
5.982142857142856940e+01
5.982142857142856940e+01
5.982142857142856940e+01
5.982142857142856940e+01
6.071428571428570820e+01
6.071428571428570820e+01
6.071428571428570820e+01
6.071428571428570820e+01
6.071428571428570820e+01
6.071428571428570820e+01
6.071428571428570820e+01
6.071428571428570820e+01
6.071428571428570820e+01
6.071428571428570820e+01
5.982142857142856940e+01
5.982142857142856940e+01
5.982142857142856940e+01
5.892857142857143060e+01
5.803571428571429180e+01
5.625000000000000000e+01
5.625000000000000000e+01
5.625000000000000000e+01
5.625000000000000000e+01
5.535714285714286120e+01
5.535714285714286120e+01
5.625000000000000000e+01
5.446428571428570820e+01
5.446428571428570820e+01
5.446428571428570820e+01
5.267857142857143060e+01
5.178571428571429180e+01
5.178571428571429180e+01
5.178571428571429180e+01
5.178571428571429180e+01
5.178571428571429180e+01
5.089285714285713880e+01
5.178571428571429180e+01
5.178571428571429180e+01
5.178571428571429180e+01
5.178571428571429180e+01
5.178571428571429180e+01
5.267857142857143060e+01
5.267857142857143060e+01
5.267857142857143060e+01
5.267857142857143060e+01
5.267857142857143060e+01
5.267857142857143060e+01
5.267857142857143060e+01
5.267857142857143060e+01
5.267857142857143060e+01
5.267857142857143060e+01
5.357142857142856940e+01
5.357142857142856940e+01
5.267857142857143060e+01
5.357142857142856940e+01
5.446428571428570820e+01
5.446428571428570820e+01
5.446428571428570820e+01
5.535714285714286120e+01
5.446428571428570820e+01
5.535714285714286120e+01
5.625000000000000000e+01
5.714285714285713880e+01
5.803571428571429180e+01
5.803571428571429180e+01
5.803571428571429180e+01
5.803571428571429180e+01
5.892857142857143060e+01
5.892857142857143060e+01
5.892857142857143060e+01
5.892857142857143060e+01
5.892857142857143060e+01
5.892857142857143060e+01
5.892857142857143060e+01
5.892857142857143060e+01
5.892857142857143060e+01
5.982142857142856940e+01
5.982142857142856940e+01
5.982142857142856940e+01
5.982142857142856940e+01
5.982142857142856940e+01
5.982142857142856940e+01
5.982142857142856940e+01
5.982142857142856940e+01
5.982142857142856940e+01
5.982142857142856940e+01
5.982142857142856940e+01
5.982142857142856940e+01
5.982142857142856940e+01
5.982142857142856940e+01
5.982142857142856940e+01
5.982142857142856940e+01
5.982142857142856940e+01
5.982142857142856940e+01
5.982142857142856940e+01
5.982142857142856940e+01
5.982142857142856940e+01
5.982142857142856940e+01
5.982142857142856940e+01
5.982142857142856940e+01
5.982142857142856940e+01
5.982142857142856940e+01
5.982142857142856940e+01
5.982142857142856940e+01
5.982142857142856940e+01
5.982142857142856940e+01
5.982142857142856940e+01
5.982142857142856940e+01
5.982142857142856940e+01
5.982142857142856940e+01
5.982142857142856940e+01
5.982142857142856940e+01
5.982142857142856940e+01
5.982142857142856940e+01
5.982142857142856940e+01
5.982142857142856940e+01
5.982142857142856940e+01
5.982142857142856940e+01
5.892857142857143060e+01
5.892857142857143060e+01
5.892857142857143060e+01
5.803571428571429180e+01
5.803571428571429180e+01
5.803571428571429180e+01
5.803571428571429180e+01
5.803571428571429180e+01
5.803571428571429180e+01
5.803571428571429180e+01
5.625000000000000000e+01
5.446428571428570820e+01
5.446428571428570820e+01
5.446428571428570820e+01
5.446428571428570820e+01
5.446428571428570820e+01
5.446428571428570820e+01
5.357142857142856940e+01
5.267857142857143060e+01
5.267857142857143060e+01
5.357142857142856940e+01
5.357142857142856940e+01
5.357142857142856940e+01
5.446428571428570820e+01
5.535714285714286120e+01
5.535714285714286120e+01
5.714285714285713880e+01
5.714285714285713880e+01
5.714285714285713880e+01
5.714285714285713880e+01
5.892857142857143060e+01
5.892857142857143060e+01
5.892857142857143060e+01
5.892857142857143060e+01
5.982142857142856940e+01
5.803571428571429180e+01
5.982142857142856940e+01
5.982142857142856940e+01
5.982142857142856940e+01
5.982142857142856940e+01
6.071428571428570820e+01
6.071428571428570820e+01
6.160714285714286120e+01
6.160714285714286120e+01
6.160714285714286120e+01
6.160714285714286120e+01
6.160714285714286120e+01
6.160714285714286120e+01
6.160714285714286120e+01
6.160714285714286120e+01
6.160714285714286120e+01
6.160714285714286120e+01
6.160714285714286120e+01
6.160714285714286120e+01
6.160714285714286120e+01
6.160714285714286120e+01
6.160714285714286120e+01
6.160714285714286120e+01
6.160714285714286120e+01
6.071428571428570820e+01
5.982142857142856940e+01
