0.000000000000000000e+00
4.282655246252676379e-02
1.634546752319771645e+00
6.095645967166309909e+00
1.441827266238401073e+01
2.121341898643825985e+01
2.309778729478943760e+01
2.450392576730906313e+01
2.546752319771591999e+01
2.473947180585296124e+01
2.809421841541756137e+01
2.864382583868665222e+01
2.883654532476802146e+01
2.935760171306209898e+01
2.963597430406852595e+01
3.264097073518914982e+01
3.528194147037829964e+01
3.421841541755888727e+01
3.675945753033547447e+01
3.349036402569593207e+01
3.382583868665239635e+01
3.219129193433262515e+01
3.416131334760885352e+01
3.020699500356888123e+01
3.389721627408993498e+01
2.881513204853675703e+01
2.966452533904353928e+01
3.326195574589578996e+01
3.613133476088508189e+01
3.175588865096359825e+01
3.555317630264097062e+01
3.052105638829407752e+01
3.117059243397573098e+01
3.196288365453247593e+01
3.389007851534618254e+01
3.537473233404710982e+01
3.762312633832976871e+01
3.687366167023554908e+01
3.506067094932191708e+01
3.796573875802997833e+01
4.032119914346895229e+01
3.817273376159885601e+01
3.967880085653104771e+01
3.536045681655959783e+01
3.603854389721627172e+01
3.436117059243397875e+01
3.498215560314061179e+01
3.698072805139186414e+01
3.678087080656673891e+01
3.560314061384725193e+01
3.439685938615274807e+01
3.590292648108493978e+01
3.771591720199857178e+01
3.698786581013561658e+01
3.481798715203426298e+01
3.456102783725910399e+01
3.213418986438258429e+01
3.299072091363311898e+01
3.319771591720199666e+01
3.453961456102783956e+01
3.437544610992148364e+01
3.425410421127765659e+01
3.442541042112776495e+01
3.620985010706638008e+01
3.543183440399714357e+01
3.805139186295502896e+01
3.261241970021413294e+01
3.460385438972162575e+01
3.274089935760171244e+01
3.494646680942183536e+01
3.410421127765881266e+01
3.307637401855817672e+01
3.299785867237687143e+01
3.106352605281941237e+01
3.819414703783012044e+01
3.226980728051391623e+01
3.488936473947180872e+01
3.127052105638829360e+01
3.038543897216274203e+01
3.217701641684511316e+01
3.388294075660242299e+01
2.897216274089936050e+01
3.188436830835118130e+01
3.037116345467523360e+01
3.382583868665239635e+01
3.234118486795146197e+01
3.281227694503925818e+01
3.400428265524625715e+01
3.187723054960742175e+01
3.454675231977159200e+01
3.224839400428265179e+01
3.720913633119200625e+01
3.279086366880799375e+01
3.654532476802284435e+01
3.289793004996431591e+01
3.259814418272662095e+01
3.715203426124196540e+01
3.720199857244825381e+01
3.608850820842255303e+01
3.349750178443968451e+01
3.466095645967166661e+01
3.330478229835831883e+01
3.667380442541042385e+01
3.688793718772305397e+01
4.035688793718772160e+01
3.623126338329764451e+01
3.944325481798715316e+01
3.642398286937901020e+01
3.890792291220556365e+01
3.785867237687366327e+01
3.839400428265524567e+01
3.548179871520342488e+01
3.792291220556744946e+01
4.037116345467522649e+01
4.298358315488936654e+01
4.343326195574589121e+01
4.151320485367594415e+01
3.998572448251248801e+01
3.942184154175588873e+01
4.185581727337616087e+01
4.102783725910064305e+01
4.280513918629550574e+01
4.343326195574589121e+01
4.568879371877230966e+01
4.842969307637402210e+01
5.031406138472519274e+01
5.314775160599572246e+01
5.146324054246966995e+01
5.493932905067809003e+01
5.717344753747322983e+01
5.458244111349036842e+01
5.601713062098501439e+01
5.684511063526053221e+01
5.531763026409707606e+01
5.499643112062811667e+01
5.286224125624553238e+01
5.496074232690935446e+01
5.230549607423269265e+01
4.847965738758029630e+01
5.058529621698786372e+01
4.881513204853676058e+01
4.241970021413276015e+01
3.632405424696645468e+01
4.256959314775160408e+01
3.652391149179157992e+01
3.758029978586723985e+01
3.097787294789436530e+01
3.004996431120627776e+01
3.320485367594575621e+01
3.504639543183440509e+01
3.241256245538900771e+01
3.169878658101356095e+01
3.097787294789436530e+01
3.101356174161313106e+01
3.185581727337615732e+01
3.179157744468236757e+01
2.999286224125624756e+01
2.523197715917201833e+01
3.399714489650249760e+01
2.745182012847966035e+01
2.905781584582440757e+01
2.871520342612419796e+01
2.686652391149178953e+01
2.443254817987152094e+01
2.466809421841541905e+01
1.948608137044967847e+01
