0.000000000000000000e+00
1.666666666666666852e-01
1.738095238095238138e+00
5.023809523809523725e+00
9.238095238095239026e+00
1.097619047619047628e+01
1.233333333333333393e+01
1.323809523809523725e+01
1.314285714285714235e+01
1.309523809523809668e+01
1.314285714285714235e+01
1.347619047619047450e+01
1.292857142857142883e+01
1.278571428571428648e+01
1.245238095238095255e+01
1.219047619047618980e+01
1.214285714285714235e+01
1.207142857142857117e+01
1.145238095238095255e+01
1.107142857142857117e+01
1.069047619047618980e+01
1.030952380952381020e+01
1.026190476190476275e+01
1.002380952380952372e+01
9.738095238095239026e+00
9.500000000000000000e+00
9.309523809523808424e+00
9.095238095238094900e+00
9.142857142857142350e+00
9.238095238095239026e+00
9.309523809523808424e+00
9.380952380952381375e+00
9.261904761904760974e+00
9.214285714285713524e+00
9.380952380952381375e+00
9.595238095238094900e+00
1.002380952380952372e+01
1.040476190476190332e+01
1.033333333333333393e+01
1.069047619047618980e+01
1.078571428571428648e+01
1.073809523809523903e+01
1.104761904761904745e+01
1.154761904761904745e+01
1.147619047619047628e+01
1.154761904761904745e+01
1.166666666666666607e+01
1.178571428571428470e+01
1.211904761904762040e+01
1.202380952380952372e+01
1.195238095238095255e+01
1.223809523809523903e+01
1.266666666666666785e+01
1.259523809523809490e+01
1.288095238095238138e+01
1.269047619047619158e+01
1.257142857142857295e+01
1.207142857142857117e+01
1.150000000000000000e+01
1.104761904761904745e+01
1.040476190476190332e+01
9.833333333333332149e+00
9.714285714285713524e+00
9.523809523809523725e+00
9.214285714285713524e+00
9.357142857142857650e+00
9.333333333333333925e+00
9.285714285714286476e+00
9.047619047619047450e+00
9.000000000000000000e+00
8.976190476190476275e+00
9.285714285714286476e+00
9.380952380952381375e+00
9.738095238095239026e+00
9.976190476190476275e+00
1.057142857142857117e+01
1.090476190476190510e+01
1.142857142857142883e+01
1.169047619047618980e+01
1.135714285714285765e+01
1.150000000000000000e+01
1.123809523809523903e+01
1.176190476190476275e+01
1.230952380952380842e+01
1.330952380952381020e+01
1.442857142857142883e+01
1.571428571428571352e+01
1.647619047619047450e+01
1.707142857142856940e+01
1.745238095238095255e+01
1.745238095238095255e+01
1.659523809523809490e+01
1.607142857142857295e+01
1.480952380952380842e+01
1.414285714285714235e+01
1.364285714285714235e+01
1.326190476190476097e+01
1.330952380952381020e+01
1.352380952380952372e+01
1.390476190476190510e+01
1.395238095238095255e+01
1.378571428571428470e+01
1.364285714285714235e+01
1.340476190476190510e+01
1.285714285714285587e+01
1.307142857142857295e+01
1.330952380952381020e+01
1.366666666666666607e+01
1.395238095238095255e+01
1.452380952380952550e+01
1.497619047619047628e+01
1.542857142857142705e+01
1.511904761904761862e+01
1.457142857142857117e+01
1.423809523809523903e+01
1.366666666666666607e+01
1.288095238095238138e+01
1.278571428571428648e+01
1.240476190476190510e+01
1.119047619047619158e+01
9.928571428571428825e+00
8.214285714285713524e+00
5.952380952380951662e+00
3.500000000000000444e+00
1.857142857142857206e+00
1.523809523809523725e+00
7.142857142857143016e-01
2.380952380952380820e-02
0.000000000000000000e+00
0.000000000000000000e+00
0.000000000000000000e+00
