1.000000000000000000e+01
1.875000000000000000e+01
2.824999999999999645e+01
3.117857142857142705e+01
3.678571428571429180e+01
3.660714285714285410e+01
3.785714285714285410e+01
3.660714285714285410e+01
3.735714285714285410e+01
3.785714285714285410e+01
3.700000000000000000e+01
3.503571428571428470e+01
3.435714285714286120e+01
3.600000000000000000e+01
3.507142857142856940e+01
3.475000000000000000e+01
3.367857142857143060e+01
3.446428571428571530e+01
3.600000000000000000e+01
3.578571428571428470e+01
3.410714285714286120e+01
3.260714285714285410e+01
3.164285714285714590e+01
3.260714285714285410e+01
3.442857142857143060e+01
3.653571428571428470e+01
3.871428571428571530e+01
3.850000000000000000e+01
3.828571428571428470e+01
3.921428571428571530e+01
3.903571428571428470e+01
3.807142857142856940e+01
3.721428571428571530e+01
3.446428571428571530e+01
2.985714285714286120e+01
2.792857142857143060e+01
2.978571428571428825e+01
3.050000000000000000e+01
3.192857142857142705e+01
3.239285714285714590e+01
3.321428571428571530e+01
3.489285714285713880e+01
3.560714285714286120e+01
3.253571428571428470e+01
3.592857142857142350e+01
3.771428571428571530e+01
3.721428571428571530e+01
3.617857142857142350e+01
3.446428571428571530e+01
3.471428571428571530e+01
3.810714285714285410e+01
3.764285714285714590e+01
3.775000000000000000e+01
3.782142857142856940e+01
3.814285714285714590e+01
3.871428571428571530e+01
3.900000000000000000e+01
3.928571428571428470e+01
3.982142857142856940e+01
3.925000000000000000e+01
3.803571428571428470e+01
3.778571428571428470e+01
3.792857142857143060e+01
3.785714285714285410e+01
3.792857142857143060e+01
3.807142857142856940e+01
3.800000000000000000e+01
3.803571428571428470e+01
3.789285714285714590e+01
3.803571428571428470e+01
3.717857142857143060e+01
3.707142857142856940e+01
3.785714285714285410e+01
3.814285714285714590e+01
3.678571428571429180e+01
3.582142857142856940e+01
3.682142857142856940e+01
3.364285714285713880e+01
2.985714285714286120e+01
2.360714285714285765e+01
