8.300000000000000000e+01
1.200000000000000000e+01
-2.354299999999999837e+00
8.300000000000000000e+01
1.300000000000000000e+01
-2.354299999999999837e+00
8.300000000000000000e+01
1.400000000000000000e+01
-2.354299999999999837e+00
8.300000000000000000e+01
1.500000000000000000e+01
-2.354299999999999837e+00
8.300000000000000000e+01
1.600000000000000000e+01
-2.354299999999999837e+00
8.300000000000000000e+01
1.700000000000000000e+01
-2.354299999999999837e+00
8.300000000000000000e+01
1.800000000000000000e+01
-2.354299999999999837e+00
8.300000000000000000e+01
1.900000000000000000e+01
-2.354299999999999837e+00
8.300000000000000000e+01
2.000000000000000000e+01
-2.354299999999999837e+00
3.180000000000000000e+02
1.160000000000000000e+02
-2.354299999999999837e+00
3.180000000000000000e+02
1.170000000000000000e+02
-2.354299999999999837e+00
3.180000000000000000e+02
1.180000000000000000e+02
-2.354299999999999837e+00
3.180000000000000000e+02
1.190000000000000000e+02
-2.354299999999999837e+00
7.100000000000000000e+01
1.200000000000000000e+02
-2.354299999999999837e+00
3.180000000000000000e+02
1.200000000000000000e+02
-2.354299999999999837e+00
7.100000000000000000e+01
1.210000000000000000e+02
-2.354299999999999837e+00
3.180000000000000000e+02
1.210000000000000000e+02
-2.354299999999999837e+00
7.100000000000000000e+01
1.220000000000000000e+02
-2.354299999999999837e+00
3.180000000000000000e+02
1.220000000000000000e+02
-2.354299999999999837e+00
7.100000000000000000e+01
1.230000000000000000e+02
-2.354299999999999837e+00
3.180000000000000000e+02
1.230000000000000000e+02
-2.354299999999999837e+00
3.180000000000000000e+02
1.240000000000000000e+02
-2.354299999999999837e+00
3.180000000000000000e+02
1.250000000000000000e+02
-2.354299999999999837e+00
3.620000000000000000e+02
1.250000000000000000e+02
-2.354299999999999837e+00
3.180000000000000000e+02
1.260000000000000000e+02
-2.354299999999999837e+00
3.620000000000000000e+02
1.260000000000000000e+02
-2.354299999999999837e+00
3.180000000000000000e+02
1.270000000000000000e+02
-2.354299999999999837e+00
3.620000000000000000e+02
1.270000000000000000e+02
-2.354299999999999837e+00
3.180000000000000000e+02
1.280000000000000000e+02
-2.354299999999999837e+00
3.620000000000000000e+02
1.280000000000000000e+02
-2.354299999999999837e+00
3.180000000000000000e+02
1.290000000000000000e+02
-2.354299999999999837e+00
3.620000000000000000e+02
1.290000000000000000e+02
-2.354299999999999837e+00
3.180000000000000000e+02
1.300000000000000000e+02
-2.354299999999999837e+00
3.620000000000000000e+02
1.300000000000000000e+02
-2.354299999999999837e+00
3.620000000000000000e+02
1.310000000000000000e+02
-2.354299999999999837e+00
3.620000000000000000e+02
1.320000000000000000e+02
-2.354299999999999837e+00
3.280000000000000000e+02
1.380000000000000000e+02
-2.354299999999999837e+00
3.280000000000000000e+02
1.390000000000000000e+02
-2.354299999999999837e+00
3.280000000000000000e+02
1.400000000000000000e+02
-2.354299999999999837e+00
3.280000000000000000e+02
1.410000000000000000e+02
-2.354299999999999837e+00
3.280000000000000000e+02
1.420000000000000000e+02
-2.354299999999999837e+00
3.280000000000000000e+02
1.430000000000000000e+02
-2.354299999999999837e+00
3.280000000000000000e+02
1.440000000000000000e+02
-2.354299999999999837e+00
3.280000000000000000e+02
1.450000000000000000e+02
-2.354299999999999837e+00
3.280000000000000000e+02
1.460000000000000000e+02
-2.354299999999999837e+00
3.320000000000000000e+02
1.480000000000000000e+02
-2.354299999999999837e+00
3.320000000000000000e+02
1.490000000000000000e+02
-2.354299999999999837e+00
3.320000000000000000e+02
1.500000000000000000e+02
-2.354299999999999837e+00
3.320000000000000000e+02
1.510000000000000000e+02
-2.354299999999999837e+00
3.320000000000000000e+02
1.520000000000000000e+02
-2.354299999999999837e+00
3.320000000000000000e+02
1.530000000000000000e+02
-2.354299999999999837e+00
3.620000000000000000e+02
1.280000000000000000e+02
-1.354299999999999837e+00
3.620000000000000000e+02
1.290000000000000000e+02
-1.354299999999999837e+00
3.620000000000000000e+02
1.300000000000000000e+02
-1.354299999999999837e+00
3.620000000000000000e+02
1.310000000000000000e+02
-1.354299999999999837e+00
2.100000000000000000e+01
1.480000000000000000e+02
-1.354299999999999837e+00
2.100000000000000000e+01
1.490000000000000000e+02
-1.354299999999999837e+00
2.100000000000000000e+01
1.500000000000000000e+02
-1.354299999999999837e+00
2.100000000000000000e+01
1.510000000000000000e+02
-1.354299999999999837e+00
8.300000000000000000e+01
1.200000000000000000e+01
6.457000000000001627e-01
8.300000000000000000e+01
1.300000000000000000e+01
6.457000000000001627e-01
8.300000000000000000e+01
1.400000000000000000e+01
6.457000000000001627e-01
8.300000000000000000e+01
1.500000000000000000e+01
6.457000000000001627e-01
8.300000000000000000e+01
1.600000000000000000e+01
6.457000000000001627e-01
8.300000000000000000e+01
1.700000000000000000e+01
6.457000000000001627e-01
2.540000000000000000e+02
1.490000000000000000e+02
6.457000000000001627e-01
2.540000000000000000e+02
1.500000000000000000e+02
6.457000000000001627e-01
2.540000000000000000e+02
1.510000000000000000e+02
6.457000000000001627e-01
2.540000000000000000e+02
1.520000000000000000e+02
6.457000000000001627e-01
8.300000000000000000e+01
9.000000000000000000e+00
1.645700000000000163e+00
8.300000000000000000e+01
1.000000000000000000e+01
1.645700000000000163e+00
8.300000000000000000e+01
1.100000000000000000e+01
1.645700000000000163e+00
8.300000000000000000e+01
1.200000000000000000e+01
1.645700000000000163e+00
8.300000000000000000e+01
1.300000000000000000e+01
1.645700000000000163e+00
8.300000000000000000e+01
1.400000000000000000e+01
1.645700000000000163e+00
8.300000000000000000e+01
1.500000000000000000e+01
1.645700000000000163e+00
8.300000000000000000e+01
1.600000000000000000e+01
1.645700000000000163e+00
3.920000000000000000e+02
1.600000000000000000e+01
1.645700000000000163e+00
8.300000000000000000e+01
1.700000000000000000e+01
1.645700000000000163e+00
8.300000000000000000e+01
1.800000000000000000e+01
1.645700000000000163e+00
8.300000000000000000e+01
1.900000000000000000e+01
1.645700000000000163e+00
2.540000000000000000e+02
1.480000000000000000e+02
1.645700000000000163e+00
2.540000000000000000e+02
1.490000000000000000e+02
1.645700000000000163e+00
2.540000000000000000e+02
1.500000000000000000e+02
1.645700000000000163e+00
2.540000000000000000e+02
1.510000000000000000e+02
1.645700000000000163e+00
2.540000000000000000e+02
1.520000000000000000e+02
1.645700000000000163e+00
2.540000000000000000e+02
1.530000000000000000e+02
1.645700000000000163e+00
2.540000000000000000e+02
1.540000000000000000e+02
1.645700000000000163e+00
8.300000000000000000e+01
8.000000000000000000e+00
2.645700000000000163e+00
8.300000000000000000e+01
9.000000000000000000e+00
2.645700000000000163e+00
8.300000000000000000e+01
1.000000000000000000e+01
2.645700000000000163e+00
8.300000000000000000e+01
1.100000000000000000e+01
2.645700000000000163e+00
8.300000000000000000e+01
1.200000000000000000e+01
2.645700000000000163e+00
8.300000000000000000e+01
1.300000000000000000e+01
2.645700000000000163e+00
8.300000000000000000e+01
1.400000000000000000e+01
2.645700000000000163e+00
8.300000000000000000e+01
1.500000000000000000e+01
2.645700000000000163e+00
8.300000000000000000e+01
1.600000000000000000e+01
2.645700000000000163e+00
3.920000000000000000e+02
1.600000000000000000e+01
2.645700000000000163e+00
8.300000000000000000e+01
1.700000000000000000e+01
2.645700000000000163e+00
8.300000000000000000e+01
1.800000000000000000e+01
2.645700000000000163e+00
8.300000000000000000e+01
1.900000000000000000e+01
2.645700000000000163e+00
8.300000000000000000e+01
7.000000000000000000e+00
3.645700000000000163e+00
8.300000000000000000e+01
8.000000000000000000e+00
3.645700000000000163e+00
8.300000000000000000e+01
9.000000000000000000e+00
3.645700000000000163e+00
8.300000000000000000e+01
1.000000000000000000e+01
3.645700000000000163e+00
8.300000000000000000e+01
1.100000000000000000e+01
3.645700000000000163e+00
8.300000000000000000e+01
1.200000000000000000e+01
3.645700000000000163e+00
8.300000000000000000e+01
1.300000000000000000e+01
3.645700000000000163e+00
8.300000000000000000e+01
1.400000000000000000e+01
3.645700000000000163e+00
1.430000000000000000e+02
1.400000000000000000e+01
3.645700000000000163e+00
3.920000000000000000e+02
1.400000000000000000e+01
3.645700000000000163e+00
8.300000000000000000e+01
1.500000000000000000e+01
3.645700000000000163e+00
1.430000000000000000e+02
1.500000000000000000e+01
3.645700000000000163e+00
3.920000000000000000e+02
1.500000000000000000e+01
3.645700000000000163e+00
8.300000000000000000e+01
1.600000000000000000e+01
3.645700000000000163e+00
3.920000000000000000e+02
1.600000000000000000e+01
3.645700000000000163e+00
8.300000000000000000e+01
1.700000000000000000e+01
3.645700000000000163e+00
3.920000000000000000e+02
1.700000000000000000e+01
3.645700000000000163e+00
8.300000000000000000e+01
1.800000000000000000e+01
3.645700000000000163e+00
8.300000000000000000e+01
1.900000000000000000e+01
3.645700000000000163e+00
8.300000000000000000e+01
6.000000000000000000e+00
4.645699999999999719e+00
8.300000000000000000e+01
7.000000000000000000e+00
4.645699999999999719e+00
8.300000000000000000e+01
8.000000000000000000e+00
4.645699999999999719e+00
8.300000000000000000e+01
9.000000000000000000e+00
4.645699999999999719e+00
8.300000000000000000e+01
1.000000000000000000e+01
4.645699999999999719e+00
8.300000000000000000e+01
1.100000000000000000e+01
4.645699999999999719e+00
8.300000000000000000e+01
1.200000000000000000e+01
4.645699999999999719e+00
8.300000000000000000e+01
1.300000000000000000e+01
4.645699999999999719e+00
8.300000000000000000e+01
1.400000000000000000e+01
4.645699999999999719e+00
1.430000000000000000e+02
1.400000000000000000e+01
4.645699999999999719e+00
3.920000000000000000e+02
1.400000000000000000e+01
4.645699999999999719e+00
8.300000000000000000e+01
1.500000000000000000e+01
4.645699999999999719e+00
1.430000000000000000e+02
1.500000000000000000e+01
4.645699999999999719e+00
3.920000000000000000e+02
1.500000000000000000e+01
4.645699999999999719e+00
8.300000000000000000e+01
1.600000000000000000e+01
4.645699999999999719e+00
1.430000000000000000e+02
1.600000000000000000e+01
4.645699999999999719e+00
3.920000000000000000e+02
1.600000000000000000e+01
4.645699999999999719e+00
8.300000000000000000e+01
1.700000000000000000e+01
4.645699999999999719e+00
3.920000000000000000e+02
1.700000000000000000e+01
4.645699999999999719e+00
8.300000000000000000e+01
1.800000000000000000e+01
4.645699999999999719e+00
8.300000000000000000e+01
1.900000000000000000e+01
4.645699999999999719e+00
9.500000000000000000e+01
2.550000000000000000e+02
4.645699999999999719e+00
1.670000000000000000e+02
2.550000000000000000e+02
4.645699999999999719e+00
3.050000000000000000e+02
2.550000000000000000e+02
4.645699999999999719e+00
9.500000000000000000e+01
2.560000000000000000e+02
4.645699999999999719e+00
1.670000000000000000e+02
2.560000000000000000e+02
4.645699999999999719e+00
3.050000000000000000e+02
2.560000000000000000e+02
4.645699999999999719e+00
3.050000000000000000e+02
2.570000000000000000e+02
4.645699999999999719e+00
8.300000000000000000e+01
6.000000000000000000e+00
5.018399999999999750e+00
8.300000000000000000e+01
7.000000000000000000e+00
5.018399999999999750e+00
8.300000000000000000e+01
8.000000000000000000e+00
5.018399999999999750e+00
8.300000000000000000e+01
9.000000000000000000e+00
5.018399999999999750e+00
8.300000000000000000e+01
1.000000000000000000e+01
5.018399999999999750e+00
8.300000000000000000e+01
1.100000000000000000e+01
5.018399999999999750e+00
8.300000000000000000e+01
1.200000000000000000e+01
5.018399999999999750e+00
8.300000000000000000e+01
1.300000000000000000e+01
5.018399999999999750e+00
8.300000000000000000e+01
1.400000000000000000e+01
5.018399999999999750e+00
1.430000000000000000e+02
1.400000000000000000e+01
5.018399999999999750e+00
3.920000000000000000e+02
1.400000000000000000e+01
5.018399999999999750e+00
8.300000000000000000e+01
1.500000000000000000e+01
5.018399999999999750e+00
1.430000000000000000e+02
1.500000000000000000e+01
5.018399999999999750e+00
3.920000000000000000e+02
1.500000000000000000e+01
5.018399999999999750e+00
8.300000000000000000e+01
1.600000000000000000e+01
5.018399999999999750e+00
1.430000000000000000e+02
1.600000000000000000e+01
5.018399999999999750e+00
3.920000000000000000e+02
1.600000000000000000e+01
5.018399999999999750e+00
8.300000000000000000e+01
1.700000000000000000e+01
5.018399999999999750e+00
3.920000000000000000e+02
1.700000000000000000e+01
5.018399999999999750e+00
8.300000000000000000e+01
1.800000000000000000e+01
5.018399999999999750e+00
8.300000000000000000e+01
1.900000000000000000e+01
5.018399999999999750e+00
3.050000000000000000e+02
2.540000000000000000e+02
5.018399999999999750e+00
9.500000000000000000e+01
2.550000000000000000e+02
5.018399999999999750e+00
1.670000000000000000e+02
2.550000000000000000e+02
5.018399999999999750e+00
3.050000000000000000e+02
2.550000000000000000e+02
5.018399999999999750e+00
9.500000000000000000e+01
2.560000000000000000e+02
5.018399999999999750e+00
1.670000000000000000e+02
2.560000000000000000e+02
5.018399999999999750e+00
3.050000000000000000e+02
2.560000000000000000e+02
5.018399999999999750e+00
9.500000000000000000e+01
2.570000000000000000e+02
5.018399999999999750e+00
1.670000000000000000e+02
2.570000000000000000e+02
5.018399999999999750e+00
3.050000000000000000e+02
2.570000000000000000e+02
5.018399999999999750e+00
3.050000000000000000e+02
2.580000000000000000e+02
5.018399999999999750e+00
