3.840000000000000000e+02
6.000000000000000000e+00
-3.411599999999999966e+00
3.840000000000000000e+02
7.000000000000000000e+00
-3.411599999999999966e+00
3.840000000000000000e+02
8.000000000000000000e+00
-3.411599999999999966e+00
4.440000000000000000e+02
8.000000000000000000e+00
-3.411599999999999966e+00
3.840000000000000000e+02
1.000000000000000000e+01
-3.411599999999999966e+00
3.850000000000000000e+02
1.000000000000000000e+01
-3.411599999999999966e+00
3.840000000000000000e+02
1.100000000000000000e+01
-3.411599999999999966e+00
3.850000000000000000e+02
1.100000000000000000e+01
-3.411599999999999966e+00
3.840000000000000000e+02
1.200000000000000000e+01
-3.411599999999999966e+00
4.570000000000000000e+02
1.200000000000000000e+01
-3.411599999999999966e+00
4.570000000000000000e+02
1.300000000000000000e+01
-3.411599999999999966e+00
2.090000000000000000e+02
5.400000000000000000e+01
-3.411599999999999966e+00
2.090000000000000000e+02
5.500000000000000000e+01
-3.411599999999999966e+00
1.070000000000000000e+02
5.600000000000000000e+01
-3.411599999999999966e+00
1.070000000000000000e+02
5.700000000000000000e+01
-3.411599999999999966e+00
1.530000000000000000e+02
5.700000000000000000e+01
-3.411599999999999966e+00
1.070000000000000000e+02
5.800000000000000000e+01
-3.411599999999999966e+00
1.530000000000000000e+02
5.800000000000000000e+01
-3.411599999999999966e+00
2.920000000000000000e+02
5.800000000000000000e+01
-3.411599999999999966e+00
7.100000000000000000e+01
5.900000000000000000e+01
-3.411599999999999966e+00
1.070000000000000000e+02
5.900000000000000000e+01
-3.411599999999999966e+00
1.530000000000000000e+02
5.900000000000000000e+01
-3.411599999999999966e+00
2.700000000000000000e+02
5.900000000000000000e+01
-3.411599999999999966e+00
2.920000000000000000e+02
5.900000000000000000e+01
-3.411599999999999966e+00
4.020000000000000000e+02
5.900000000000000000e+01
-3.411599999999999966e+00
4.550000000000000000e+02
5.900000000000000000e+01
-3.411599999999999966e+00
7.100000000000000000e+01
6.000000000000000000e+01
-3.411599999999999966e+00
1.070000000000000000e+02
6.000000000000000000e+01
-3.411599999999999966e+00
1.520000000000000000e+02
6.000000000000000000e+01
-3.411599999999999966e+00
1.530000000000000000e+02
6.000000000000000000e+01
-3.411599999999999966e+00
1.940000000000000000e+02
6.000000000000000000e+01
-3.411599999999999966e+00
2.700000000000000000e+02
6.000000000000000000e+01
-3.411599999999999966e+00
2.890000000000000000e+02
6.000000000000000000e+01
-3.411599999999999966e+00
2.920000000000000000e+02
6.000000000000000000e+01
-3.411599999999999966e+00
4.020000000000000000e+02
6.000000000000000000e+01
-3.411599999999999966e+00
4.080000000000000000e+02
6.000000000000000000e+01
-3.411599999999999966e+00
4.550000000000000000e+02
6.000000000000000000e+01
-3.411599999999999966e+00
7.100000000000000000e+01
6.100000000000000000e+01
-3.411599999999999966e+00
1.070000000000000000e+02
6.100000000000000000e+01
-3.411599999999999966e+00
1.520000000000000000e+02
6.100000000000000000e+01
-3.411599999999999966e+00
1.530000000000000000e+02
6.100000000000000000e+01
-3.411599999999999966e+00
1.940000000000000000e+02
6.100000000000000000e+01
-3.411599999999999966e+00
1.970000000000000000e+02
6.100000000000000000e+01
-3.411599999999999966e+00
2.010000000000000000e+02
6.100000000000000000e+01
-3.411599999999999966e+00
2.700000000000000000e+02
6.100000000000000000e+01
-3.411599999999999966e+00
2.890000000000000000e+02
6.100000000000000000e+01
-3.411599999999999966e+00
2.920000000000000000e+02
6.100000000000000000e+01
-3.411599999999999966e+00
4.020000000000000000e+02
6.100000000000000000e+01
-3.411599999999999966e+00
4.080000000000000000e+02
6.100000000000000000e+01
-3.411599999999999966e+00
4.550000000000000000e+02
6.100000000000000000e+01
-3.411599999999999966e+00
7.100000000000000000e+01
6.200000000000000000e+01
-3.411599999999999966e+00
1.070000000000000000e+02
6.200000000000000000e+01
-3.411599999999999966e+00
1.520000000000000000e+02
6.200000000000000000e+01
-3.411599999999999966e+00
1.530000000000000000e+02
6.200000000000000000e+01
-3.411599999999999966e+00
1.940000000000000000e+02
6.200000000000000000e+01
-3.411599999999999966e+00
1.970000000000000000e+02
6.200000000000000000e+01
-3.411599999999999966e+00
2.010000000000000000e+02
6.200000000000000000e+01
-3.411599999999999966e+00
2.090000000000000000e+02
6.200000000000000000e+01
-3.411599999999999966e+00
2.390000000000000000e+02
6.200000000000000000e+01
-3.411599999999999966e+00
2.700000000000000000e+02
6.200000000000000000e+01
-3.411599999999999966e+00
2.890000000000000000e+02
6.200000000000000000e+01
-3.411599999999999966e+00
2.920000000000000000e+02
6.200000000000000000e+01
-3.411599999999999966e+00
4.020000000000000000e+02
6.200000000000000000e+01
-3.411599999999999966e+00
4.080000000000000000e+02
6.200000000000000000e+01
-3.411599999999999966e+00
4.550000000000000000e+02
6.200000000000000000e+01
-3.411599999999999966e+00
4.940000000000000000e+02
6.200000000000000000e+01
-3.411599999999999966e+00
4.500000000000000000e+01
6.300000000000000000e+01
-3.411599999999999966e+00
5.800000000000000000e+01
6.300000000000000000e+01
-3.411599999999999966e+00
1.070000000000000000e+02
6.300000000000000000e+01
-3.411599999999999966e+00
1.130000000000000000e+02
6.300000000000000000e+01
-3.411599999999999966e+00
1.520000000000000000e+02
6.300000000000000000e+01
-3.411599999999999966e+00
1.530000000000000000e+02
6.300000000000000000e+01
-3.411599999999999966e+00
1.940000000000000000e+02
6.300000000000000000e+01
-3.411599999999999966e+00
1.970000000000000000e+02
6.300000000000000000e+01
-3.411599999999999966e+00
2.010000000000000000e+02
6.300000000000000000e+01
-3.411599999999999966e+00
2.090000000000000000e+02
6.300000000000000000e+01
-3.411599999999999966e+00
2.390000000000000000e+02
6.300000000000000000e+01
-3.411599999999999966e+00
2.460000000000000000e+02
6.300000000000000000e+01
-3.411599999999999966e+00
2.700000000000000000e+02
6.300000000000000000e+01
-3.411599999999999966e+00
2.920000000000000000e+02
6.300000000000000000e+01
-3.411599999999999966e+00
2.940000000000000000e+02
6.300000000000000000e+01
-3.411599999999999966e+00
3.660000000000000000e+02
6.300000000000000000e+01
-3.411599999999999966e+00
3.840000000000000000e+02
6.300000000000000000e+01
-3.411599999999999966e+00
4.020000000000000000e+02
6.300000000000000000e+01
-3.411599999999999966e+00
4.080000000000000000e+02
6.300000000000000000e+01
-3.411599999999999966e+00
4.090000000000000000e+02
6.300000000000000000e+01
-3.411599999999999966e+00
4.550000000000000000e+02
6.300000000000000000e+01
-3.411599999999999966e+00
4.940000000000000000e+02
6.300000000000000000e+01
-3.411599999999999966e+00
4.980000000000000000e+02
6.300000000000000000e+01
-3.411599999999999966e+00
4.500000000000000000e+01
6.400000000000000000e+01
-3.411599999999999966e+00
5.800000000000000000e+01
6.400000000000000000e+01
-3.411599999999999966e+00
9.000000000000000000e+01
6.400000000000000000e+01
-3.411599999999999966e+00
1.130000000000000000e+02
6.400000000000000000e+01
-3.411599999999999966e+00
1.520000000000000000e+02
6.400000000000000000e+01
-3.411599999999999966e+00
1.530000000000000000e+02
6.400000000000000000e+01
-3.411599999999999966e+00
1.940000000000000000e+02
6.400000000000000000e+01
-3.411599999999999966e+00
1.970000000000000000e+02
6.400000000000000000e+01
-3.411599999999999966e+00
2.000000000000000000e+02
6.400000000000000000e+01
-3.411599999999999966e+00
2.010000000000000000e+02
6.400000000000000000e+01
-3.411599999999999966e+00
2.090000000000000000e+02
6.400000000000000000e+01
-3.411599999999999966e+00
2.390000000000000000e+02
6.400000000000000000e+01
-3.411599999999999966e+00
2.460000000000000000e+02
6.400000000000000000e+01
-3.411599999999999966e+00
2.700000000000000000e+02
6.400000000000000000e+01
-3.411599999999999966e+00
2.920000000000000000e+02
6.400000000000000000e+01
-3.411599999999999966e+00
2.940000000000000000e+02
6.400000000000000000e+01
-3.411599999999999966e+00
3.660000000000000000e+02
6.400000000000000000e+01
-3.411599999999999966e+00
3.840000000000000000e+02
6.400000000000000000e+01
-3.411599999999999966e+00
4.020000000000000000e+02
6.400000000000000000e+01
-3.411599999999999966e+00
4.050000000000000000e+02
6.400000000000000000e+01
-3.411599999999999966e+00
4.080000000000000000e+02
6.400000000000000000e+01
-3.411599999999999966e+00
4.090000000000000000e+02
6.400000000000000000e+01
-3.411599999999999966e+00
4.260000000000000000e+02
6.400000000000000000e+01
-3.411599999999999966e+00
4.550000000000000000e+02
6.400000000000000000e+01
-3.411599999999999966e+00
4.760000000000000000e+02
6.400000000000000000e+01
-3.411599999999999966e+00
4.940000000000000000e+02
6.400000000000000000e+01
-3.411599999999999966e+00
4.980000000000000000e+02
6.400000000000000000e+01
-3.411599999999999966e+00
4.000000000000000000e+01
6.500000000000000000e+01
-3.411599999999999966e+00
5.800000000000000000e+01
6.500000000000000000e+01
-3.411599999999999966e+00
9.000000000000000000e+01
6.500000000000000000e+01
-3.411599999999999966e+00
1.130000000000000000e+02
6.500000000000000000e+01
-3.411599999999999966e+00
1.520000000000000000e+02
6.500000000000000000e+01
-3.411599999999999966e+00
1.940000000000000000e+02
6.500000000000000000e+01
-3.411599999999999966e+00
1.970000000000000000e+02
6.500000000000000000e+01
-3.411599999999999966e+00
2.000000000000000000e+02
6.500000000000000000e+01
-3.411599999999999966e+00
2.010000000000000000e+02
6.500000000000000000e+01
-3.411599999999999966e+00
2.090000000000000000e+02
6.500000000000000000e+01
-3.411599999999999966e+00
2.460000000000000000e+02
6.500000000000000000e+01
-3.411599999999999966e+00
2.700000000000000000e+02
6.500000000000000000e+01
-3.411599999999999966e+00
2.920000000000000000e+02
6.500000000000000000e+01
-3.411599999999999966e+00
2.940000000000000000e+02
6.500000000000000000e+01
-3.411599999999999966e+00
3.660000000000000000e+02
6.500000000000000000e+01
-3.411599999999999966e+00
4.020000000000000000e+02
6.500000000000000000e+01
-3.411599999999999966e+00
4.050000000000000000e+02
6.500000000000000000e+01
-3.411599999999999966e+00
4.080000000000000000e+02
6.500000000000000000e+01
-3.411599999999999966e+00
4.090000000000000000e+02
6.500000000000000000e+01
-3.411599999999999966e+00
4.260000000000000000e+02
6.500000000000000000e+01
-3.411599999999999966e+00
4.550000000000000000e+02
6.500000000000000000e+01
-3.411599999999999966e+00
4.940000000000000000e+02
6.500000000000000000e+01
-3.411599999999999966e+00
4.000000000000000000e+01
6.600000000000000000e+01
-3.411599999999999966e+00
5.800000000000000000e+01
6.600000000000000000e+01
-3.411599999999999966e+00
9.000000000000000000e+01
6.600000000000000000e+01
-3.411599999999999966e+00
1.130000000000000000e+02
6.600000000000000000e+01
-3.411599999999999966e+00
1.520000000000000000e+02
6.600000000000000000e+01
-3.411599999999999966e+00
1.940000000000000000e+02
6.600000000000000000e+01
-3.411599999999999966e+00
2.000000000000000000e+02
6.600000000000000000e+01
-3.411599999999999966e+00
2.010000000000000000e+02
6.600000000000000000e+01
-3.411599999999999966e+00
2.090000000000000000e+02
6.600000000000000000e+01
-3.411599999999999966e+00
2.460000000000000000e+02
6.600000000000000000e+01
-3.411599999999999966e+00
2.700000000000000000e+02
6.600000000000000000e+01
-3.411599999999999966e+00
2.890000000000000000e+02
6.600000000000000000e+01
-3.411599999999999966e+00
2.910000000000000000e+02
6.600000000000000000e+01
-3.411599999999999966e+00
2.920000000000000000e+02
6.600000000000000000e+01
-3.411599999999999966e+00
2.940000000000000000e+02
6.600000000000000000e+01
-3.411599999999999966e+00
3.660000000000000000e+02
6.600000000000000000e+01
-3.411599999999999966e+00
3.980000000000000000e+02
6.600000000000000000e+01
-3.411599999999999966e+00
4.020000000000000000e+02
6.600000000000000000e+01
-3.411599999999999966e+00
4.050000000000000000e+02
6.600000000000000000e+01
-3.411599999999999966e+00
4.080000000000000000e+02
6.600000000000000000e+01
-3.411599999999999966e+00
4.090000000000000000e+02
6.600000000000000000e+01
-3.411599999999999966e+00
4.260000000000000000e+02
6.600000000000000000e+01
-3.411599999999999966e+00
4.410000000000000000e+02
6.600000000000000000e+01
-3.411599999999999966e+00
4.940000000000000000e+02
6.600000000000000000e+01
-3.411599999999999966e+00
0.000000000000000000e+00
6.700000000000000000e+01
-3.411599999999999966e+00
4.000000000000000000e+01
6.700000000000000000e+01
-3.411599999999999966e+00
5.800000000000000000e+01
6.700000000000000000e+01
-3.411599999999999966e+00
9.000000000000000000e+01
6.700000000000000000e+01
-3.411599999999999966e+00
1.130000000000000000e+02
6.700000000000000000e+01
-3.411599999999999966e+00
1.520000000000000000e+02
6.700000000000000000e+01
-3.411599999999999966e+00
1.650000000000000000e+02
6.700000000000000000e+01
-3.411599999999999966e+00
1.940000000000000000e+02
6.700000000000000000e+01
-3.411599999999999966e+00
2.000000000000000000e+02
6.700000000000000000e+01
-3.411599999999999966e+00
2.010000000000000000e+02
6.700000000000000000e+01
-3.411599999999999966e+00
2.700000000000000000e+02
6.700000000000000000e+01
-3.411599999999999966e+00
2.890000000000000000e+02
6.700000000000000000e+01
-3.411599999999999966e+00
2.910000000000000000e+02
6.700000000000000000e+01
-3.411599999999999966e+00
2.920000000000000000e+02
6.700000000000000000e+01
-3.411599999999999966e+00
3.660000000000000000e+02
6.700000000000000000e+01
-3.411599999999999966e+00
3.980000000000000000e+02
6.700000000000000000e+01
-3.411599999999999966e+00
4.080000000000000000e+02
6.700000000000000000e+01
-3.411599999999999966e+00
4.090000000000000000e+02
6.700000000000000000e+01
-3.411599999999999966e+00
4.260000000000000000e+02
6.700000000000000000e+01
-3.411599999999999966e+00
4.410000000000000000e+02
6.700000000000000000e+01
-3.411599999999999966e+00
4.940000000000000000e+02
6.700000000000000000e+01
-3.411599999999999966e+00
0.000000000000000000e+00
6.800000000000000000e+01
-3.411599999999999966e+00
4.000000000000000000e+01
6.800000000000000000e+01
-3.411599999999999966e+00
5.800000000000000000e+01
6.800000000000000000e+01
-3.411599999999999966e+00
9.000000000000000000e+01
6.800000000000000000e+01
-3.411599999999999966e+00
1.130000000000000000e+02
6.800000000000000000e+01
-3.411599999999999966e+00
1.520000000000000000e+02
6.800000000000000000e+01
-3.411599999999999966e+00
1.940000000000000000e+02
6.800000000000000000e+01
-3.411599999999999966e+00
2.000000000000000000e+02
6.800000000000000000e+01
-3.411599999999999966e+00
2.700000000000000000e+02
6.800000000000000000e+01
-3.411599999999999966e+00
2.820000000000000000e+02
6.800000000000000000e+01
-3.411599999999999966e+00
2.890000000000000000e+02
6.800000000000000000e+01
-3.411599999999999966e+00
2.910000000000000000e+02
6.800000000000000000e+01
-3.411599999999999966e+00
2.920000000000000000e+02
6.800000000000000000e+01
-3.411599999999999966e+00
3.660000000000000000e+02
6.800000000000000000e+01
-3.411599999999999966e+00
3.980000000000000000e+02
6.800000000000000000e+01
-3.411599999999999966e+00
4.090000000000000000e+02
6.800000000000000000e+01
-3.411599999999999966e+00
4.410000000000000000e+02
6.800000000000000000e+01
-3.411599999999999966e+00
4.940000000000000000e+02
6.800000000000000000e+01
-3.411599999999999966e+00
4.000000000000000000e+01
6.900000000000000000e+01
-3.411599999999999966e+00
5.800000000000000000e+01
6.900000000000000000e+01
-3.411599999999999966e+00
9.000000000000000000e+01
6.900000000000000000e+01
-3.411599999999999966e+00
1.130000000000000000e+02
6.900000000000000000e+01
-3.411599999999999966e+00
1.520000000000000000e+02
6.900000000000000000e+01
-3.411599999999999966e+00
1.940000000000000000e+02
6.900000000000000000e+01
-3.411599999999999966e+00
2.000000000000000000e+02
6.900000000000000000e+01
-3.411599999999999966e+00
2.890000000000000000e+02
6.900000000000000000e+01
-3.411599999999999966e+00
2.910000000000000000e+02
6.900000000000000000e+01
-3.411599999999999966e+00
3.010000000000000000e+02
6.900000000000000000e+01
-3.411599999999999966e+00
3.270000000000000000e+02
6.900000000000000000e+01
-3.411599999999999966e+00
3.980000000000000000e+02
6.900000000000000000e+01
-3.411599999999999966e+00
4.090000000000000000e+02
6.900000000000000000e+01
-3.411599999999999966e+00
4.940000000000000000e+02
6.900000000000000000e+01
-3.411599999999999966e+00
4.000000000000000000e+01
7.000000000000000000e+01
-3.411599999999999966e+00
5.800000000000000000e+01
7.000000000000000000e+01
-3.411599999999999966e+00
6.100000000000000000e+01
7.000000000000000000e+01
-3.411599999999999966e+00
9.000000000000000000e+01
7.000000000000000000e+01
-3.411599999999999966e+00
1.130000000000000000e+02
7.000000000000000000e+01
-3.411599999999999966e+00
1.520000000000000000e+02
7.000000000000000000e+01
-3.411599999999999966e+00
2.440000000000000000e+02
7.000000000000000000e+01
-3.411599999999999966e+00
2.890000000000000000e+02
7.000000000000000000e+01
-3.411599999999999966e+00
2.910000000000000000e+02
7.000000000000000000e+01
-3.411599999999999966e+00
2.960000000000000000e+02
7.000000000000000000e+01
-3.411599999999999966e+00
3.010000000000000000e+02
7.000000000000000000e+01
-3.411599999999999966e+00
3.270000000000000000e+02
7.000000000000000000e+01
-3.411599999999999966e+00
3.980000000000000000e+02
7.000000000000000000e+01
-3.411599999999999966e+00
3.990000000000000000e+02
7.000000000000000000e+01
-3.411599999999999966e+00
4.090000000000000000e+02
7.000000000000000000e+01
-3.411599999999999966e+00
4.430000000000000000e+02
7.000000000000000000e+01
-3.411599999999999966e+00
4.940000000000000000e+02
7.000000000000000000e+01
-3.411599999999999966e+00
4.000000000000000000e+01
7.100000000000000000e+01
-3.411599999999999966e+00
6.100000000000000000e+01
7.100000000000000000e+01
-3.411599999999999966e+00
1.520000000000000000e+02
7.100000000000000000e+01
-3.411599999999999966e+00
2.440000000000000000e+02
7.100000000000000000e+01
-3.411599999999999966e+00
2.890000000000000000e+02
7.100000000000000000e+01
-3.411599999999999966e+00
2.910000000000000000e+02
7.100000000000000000e+01
-3.411599999999999966e+00
3.010000000000000000e+02
7.100000000000000000e+01
-3.411599999999999966e+00
3.270000000000000000e+02
7.100000000000000000e+01
-3.411599999999999966e+00
3.980000000000000000e+02
7.100000000000000000e+01
-3.411599999999999966e+00
3.990000000000000000e+02
7.100000000000000000e+01
-3.411599999999999966e+00
4.090000000000000000e+02
7.100000000000000000e+01
-3.411599999999999966e+00
4.430000000000000000e+02
7.100000000000000000e+01
-3.411599999999999966e+00
4.730000000000000000e+02
7.100000000000000000e+01
-3.411599999999999966e+00
4.940000000000000000e+02
7.100000000000000000e+01
-3.411599999999999966e+00
6.100000000000000000e+01
7.200000000000000000e+01
-3.411599999999999966e+00
2.440000000000000000e+02
7.200000000000000000e+01
-3.411599999999999966e+00
2.890000000000000000e+02
7.200000000000000000e+01
-3.411599999999999966e+00
2.910000000000000000e+02
7.200000000000000000e+01
-3.411599999999999966e+00
2.960000000000000000e+02
7.200000000000000000e+01
-3.411599999999999966e+00
3.010000000000000000e+02
7.200000000000000000e+01
-3.411599999999999966e+00
3.270000000000000000e+02
7.200000000000000000e+01
-3.411599999999999966e+00
3.980000000000000000e+02
7.200000000000000000e+01
-3.411599999999999966e+00
4.730000000000000000e+02
7.200000000000000000e+01
-3.411599999999999966e+00
6.100000000000000000e+01
7.300000000000000000e+01
-3.411599999999999966e+00
2.910000000000000000e+02
7.300000000000000000e+01
-3.411599999999999966e+00
2.960000000000000000e+02
7.300000000000000000e+01
-3.411599999999999966e+00
3.010000000000000000e+02
7.300000000000000000e+01
-3.411599999999999966e+00
4.730000000000000000e+02
7.300000000000000000e+01
-3.411599999999999966e+00
6.100000000000000000e+01
7.400000000000000000e+01
-3.411599999999999966e+00
2.910000000000000000e+02
7.400000000000000000e+01
-3.411599999999999966e+00
2.960000000000000000e+02
7.400000000000000000e+01
-3.411599999999999966e+00
2.910000000000000000e+02
7.500000000000000000e+01
-3.411599999999999966e+00
2.960000000000000000e+02
7.500000000000000000e+01
-3.411599999999999966e+00
2.910000000000000000e+02
7.600000000000000000e+01
-3.411599999999999966e+00
4.380000000000000000e+02
7.600000000000000000e+01
-3.411599999999999966e+00
4.380000000000000000e+02
7.700000000000000000e+01
-3.411599999999999966e+00
4.380000000000000000e+02
7.800000000000000000e+01
-3.411599999999999966e+00
4.380000000000000000e+02
7.900000000000000000e+01
-3.411599999999999966e+00
4.380000000000000000e+02
8.000000000000000000e+01
-3.411599999999999966e+00
4.380000000000000000e+02
8.100000000000000000e+01
-3.411599999999999966e+00
3.840000000000000000e+02
6.000000000000000000e+00
-2.411599999999999966e+00
3.840000000000000000e+02
7.000000000000000000e+00
-2.411599999999999966e+00
4.440000000000000000e+02
7.000000000000000000e+00
-2.411599999999999966e+00
3.840000000000000000e+02
8.000000000000000000e+00
-2.411599999999999966e+00
4.440000000000000000e+02
8.000000000000000000e+00
-2.411599999999999966e+00
3.840000000000000000e+02
9.000000000000000000e+00
-2.411599999999999966e+00
4.440000000000000000e+02
9.000000000000000000e+00
-2.411599999999999966e+00
3.840000000000000000e+02
1.000000000000000000e+01
-2.411599999999999966e+00
3.850000000000000000e+02
1.000000000000000000e+01
-2.411599999999999966e+00
4.100000000000000000e+02
1.000000000000000000e+01
-2.411599999999999966e+00
4.440000000000000000e+02
1.000000000000000000e+01
-2.411599999999999966e+00
3.840000000000000000e+02
1.100000000000000000e+01
-2.411599999999999966e+00
3.850000000000000000e+02
1.100000000000000000e+01
-2.411599999999999966e+00
4.100000000000000000e+02
1.100000000000000000e+01
-2.411599999999999966e+00
4.440000000000000000e+02
1.100000000000000000e+01
-2.411599999999999966e+00
3.840000000000000000e+02
1.200000000000000000e+01
-2.411599999999999966e+00
3.850000000000000000e+02
1.200000000000000000e+01
-2.411599999999999966e+00
4.440000000000000000e+02
1.200000000000000000e+01
-2.411599999999999966e+00
3.840000000000000000e+02
1.300000000000000000e+01
-2.411599999999999966e+00
4.440000000000000000e+02
1.300000000000000000e+01
-2.411599999999999966e+00
1.070000000000000000e+02
5.700000000000000000e+01
-2.411599999999999966e+00
1.070000000000000000e+02
5.800000000000000000e+01
-2.411599999999999966e+00
1.070000000000000000e+02
5.900000000000000000e+01
-2.411599999999999966e+00
2.920000000000000000e+02
5.900000000000000000e+01
-2.411599999999999966e+00
7.100000000000000000e+01
6.000000000000000000e+01
-2.411599999999999966e+00
1.070000000000000000e+02
6.000000000000000000e+01
-2.411599999999999966e+00
1.530000000000000000e+02
6.000000000000000000e+01
-2.411599999999999966e+00
2.700000000000000000e+02
6.000000000000000000e+01
-2.411599999999999966e+00
2.920000000000000000e+02
6.000000000000000000e+01
-2.411599999999999966e+00
4.020000000000000000e+02
6.000000000000000000e+01
-2.411599999999999966e+00
4.550000000000000000e+02
6.000000000000000000e+01
-2.411599999999999966e+00
7.100000000000000000e+01
6.100000000000000000e+01
-2.411599999999999966e+00
2.700000000000000000e+02
6.100000000000000000e+01
-2.411599999999999966e+00
2.920000000000000000e+02
6.100000000000000000e+01
-2.411599999999999966e+00
4.020000000000000000e+02
6.100000000000000000e+01
-2.411599999999999966e+00
4.550000000000000000e+02
6.100000000000000000e+01
-2.411599999999999966e+00
7.100000000000000000e+01
6.200000000000000000e+01
-2.411599999999999966e+00
1.970000000000000000e+02
6.200000000000000000e+01
-2.411599999999999966e+00
2.010000000000000000e+02
6.200000000000000000e+01
-2.411599999999999966e+00
2.460000000000000000e+02
6.200000000000000000e+01
-2.411599999999999966e+00
2.700000000000000000e+02
6.200000000000000000e+01
-2.411599999999999966e+00
2.920000000000000000e+02
6.200000000000000000e+01
-2.411599999999999966e+00
4.020000000000000000e+02
6.200000000000000000e+01
-2.411599999999999966e+00
4.080000000000000000e+02
6.200000000000000000e+01
-2.411599999999999966e+00
4.550000000000000000e+02
6.200000000000000000e+01
-2.411599999999999966e+00
1.520000000000000000e+02
6.300000000000000000e+01
-2.411599999999999966e+00
1.940000000000000000e+02
6.300000000000000000e+01
-2.411599999999999966e+00
1.970000000000000000e+02
6.300000000000000000e+01
-2.411599999999999966e+00
2.010000000000000000e+02
6.300000000000000000e+01
-2.411599999999999966e+00
2.090000000000000000e+02
6.300000000000000000e+01
-2.411599999999999966e+00
2.390000000000000000e+02
6.300000000000000000e+01
-2.411599999999999966e+00
2.460000000000000000e+02
6.300000000000000000e+01
-2.411599999999999966e+00
2.700000000000000000e+02
6.300000000000000000e+01
-2.411599999999999966e+00
2.920000000000000000e+02
6.300000000000000000e+01
-2.411599999999999966e+00
2.940000000000000000e+02
6.300000000000000000e+01
-2.411599999999999966e+00
4.020000000000000000e+02
6.300000000000000000e+01
-2.411599999999999966e+00
4.080000000000000000e+02
6.300000000000000000e+01
-2.411599999999999966e+00
4.550000000000000000e+02
6.300000000000000000e+01
-2.411599999999999966e+00
4.940000000000000000e+02
6.300000000000000000e+01
-2.411599999999999966e+00
1.130000000000000000e+02
6.400000000000000000e+01
-2.411599999999999966e+00
1.520000000000000000e+02
6.400000000000000000e+01
-2.411599999999999966e+00
1.940000000000000000e+02
6.400000000000000000e+01
-2.411599999999999966e+00
2.010000000000000000e+02
6.400000000000000000e+01
-2.411599999999999966e+00
2.090000000000000000e+02
6.400000000000000000e+01
-2.411599999999999966e+00
2.460000000000000000e+02
6.400000000000000000e+01
-2.411599999999999966e+00
2.700000000000000000e+02
6.400000000000000000e+01
-2.411599999999999966e+00
2.870000000000000000e+02
6.400000000000000000e+01
-2.411599999999999966e+00
2.920000000000000000e+02
6.400000000000000000e+01
-2.411599999999999966e+00
2.940000000000000000e+02
6.400000000000000000e+01
-2.411599999999999966e+00
3.840000000000000000e+02
6.400000000000000000e+01
-2.411599999999999966e+00
4.020000000000000000e+02
6.400000000000000000e+01
-2.411599999999999966e+00
4.080000000000000000e+02
6.400000000000000000e+01
-2.411599999999999966e+00
4.550000000000000000e+02
6.400000000000000000e+01
-2.411599999999999966e+00
4.760000000000000000e+02
6.400000000000000000e+01
-2.411599999999999966e+00
4.940000000000000000e+02
6.400000000000000000e+01
-2.411599999999999966e+00
9.000000000000000000e+01
6.500000000000000000e+01
-2.411599999999999966e+00
1.130000000000000000e+02
6.500000000000000000e+01
-2.411599999999999966e+00
1.520000000000000000e+02
6.500000000000000000e+01
-2.411599999999999966e+00
1.940000000000000000e+02
6.500000000000000000e+01
-2.411599999999999966e+00
2.010000000000000000e+02
6.500000000000000000e+01
-2.411599999999999966e+00
2.090000000000000000e+02
6.500000000000000000e+01
-2.411599999999999966e+00
2.460000000000000000e+02
6.500000000000000000e+01
-2.411599999999999966e+00
2.700000000000000000e+02
6.500000000000000000e+01
-2.411599999999999966e+00
2.920000000000000000e+02
6.500000000000000000e+01
-2.411599999999999966e+00
2.940000000000000000e+02
6.500000000000000000e+01
-2.411599999999999966e+00
3.840000000000000000e+02
6.500000000000000000e+01
-2.411599999999999966e+00
4.020000000000000000e+02
6.500000000000000000e+01
-2.411599999999999966e+00
4.080000000000000000e+02
6.500000000000000000e+01
-2.411599999999999966e+00
4.550000000000000000e+02
6.500000000000000000e+01
-2.411599999999999966e+00
9.000000000000000000e+01
6.600000000000000000e+01
-2.411599999999999966e+00
1.130000000000000000e+02
6.600000000000000000e+01
-2.411599999999999966e+00
1.520000000000000000e+02
6.600000000000000000e+01
-2.411599999999999966e+00
1.940000000000000000e+02
6.600000000000000000e+01
-2.411599999999999966e+00
2.460000000000000000e+02
6.600000000000000000e+01
-2.411599999999999966e+00
2.700000000000000000e+02
6.600000000000000000e+01
-2.411599999999999966e+00
2.920000000000000000e+02
6.600000000000000000e+01
-2.411599999999999966e+00
3.660000000000000000e+02
6.600000000000000000e+01
-2.411599999999999966e+00
4.080000000000000000e+02
6.600000000000000000e+01
-2.411599999999999966e+00
4.260000000000000000e+02
6.600000000000000000e+01
-2.411599999999999966e+00
9.000000000000000000e+01
6.700000000000000000e+01
-2.411599999999999966e+00
1.130000000000000000e+02
6.700000000000000000e+01
-2.411599999999999966e+00
1.520000000000000000e+02
6.700000000000000000e+01
-2.411599999999999966e+00
1.940000000000000000e+02
6.700000000000000000e+01
-2.411599999999999966e+00
2.700000000000000000e+02
6.700000000000000000e+01
-2.411599999999999966e+00
2.890000000000000000e+02
6.700000000000000000e+01
-2.411599999999999966e+00
2.920000000000000000e+02
6.700000000000000000e+01
-2.411599999999999966e+00
4.940000000000000000e+02
6.700000000000000000e+01
-2.411599999999999966e+00
9.000000000000000000e+01
6.800000000000000000e+01
-2.411599999999999966e+00
1.130000000000000000e+02
6.800000000000000000e+01
-2.411599999999999966e+00
1.520000000000000000e+02
6.800000000000000000e+01
-2.411599999999999966e+00
2.890000000000000000e+02
6.800000000000000000e+01
-2.411599999999999966e+00
2.920000000000000000e+02
6.800000000000000000e+01
-2.411599999999999966e+00
4.940000000000000000e+02
6.800000000000000000e+01
-2.411599999999999966e+00
9.000000000000000000e+01
6.900000000000000000e+01
-2.411599999999999966e+00
1.520000000000000000e+02
6.900000000000000000e+01
-2.411599999999999966e+00
2.890000000000000000e+02
6.900000000000000000e+01
-2.411599999999999966e+00
4.940000000000000000e+02
6.900000000000000000e+01
-2.411599999999999966e+00
2.890000000000000000e+02
7.000000000000000000e+01
-2.411599999999999966e+00
3.270000000000000000e+02
7.000000000000000000e+01
-2.411599999999999966e+00
4.430000000000000000e+02
7.000000000000000000e+01
-2.411599999999999966e+00
4.940000000000000000e+02
7.000000000000000000e+01
-2.411599999999999966e+00
2.910000000000000000e+02
7.100000000000000000e+01
-2.411599999999999966e+00
3.010000000000000000e+02
7.100000000000000000e+01
-2.411599999999999966e+00
4.430000000000000000e+02
7.100000000000000000e+01
-2.411599999999999966e+00
2.910000000000000000e+02
7.200000000000000000e+01
-2.411599999999999966e+00
2.910000000000000000e+02
7.300000000000000000e+01
-2.411599999999999966e+00
2.910000000000000000e+02
7.400000000000000000e+01
-2.411599999999999966e+00
2.910000000000000000e+02
7.500000000000000000e+01
-2.411599999999999966e+00
1.820000000000000000e+02
7.600000000000000000e+01
-2.411599999999999966e+00
1.820000000000000000e+02
7.700000000000000000e+01
-2.411599999999999966e+00
4.380000000000000000e+02
7.700000000000000000e+01
-2.411599999999999966e+00
1.820000000000000000e+02
7.800000000000000000e+01
-2.411599999999999966e+00
4.380000000000000000e+02
7.800000000000000000e+01
-2.411599999999999966e+00
1.820000000000000000e+02
7.900000000000000000e+01
-2.411599999999999966e+00
3.840000000000000000e+02
6.000000000000000000e+00
-1.411599999999999966e+00
4.440000000000000000e+02
6.000000000000000000e+00
-1.411599999999999966e+00
3.840000000000000000e+02
7.000000000000000000e+00
-1.411599999999999966e+00
4.100000000000000000e+02
7.000000000000000000e+00
-1.411599999999999966e+00
4.440000000000000000e+02
7.000000000000000000e+00
-1.411599999999999966e+00
3.840000000000000000e+02
8.000000000000000000e+00
-1.411599999999999966e+00
4.100000000000000000e+02
8.000000000000000000e+00
-1.411599999999999966e+00
4.440000000000000000e+02
8.000000000000000000e+00
-1.411599999999999966e+00
7.800000000000000000e+01
9.000000000000000000e+00
-1.411599999999999966e+00
2.250000000000000000e+02
9.000000000000000000e+00
-1.411599999999999966e+00
3.840000000000000000e+02
9.000000000000000000e+00
-1.411599999999999966e+00
4.100000000000000000e+02
9.000000000000000000e+00
-1.411599999999999966e+00
4.440000000000000000e+02
9.000000000000000000e+00
-1.411599999999999966e+00
7.700000000000000000e+01
1.000000000000000000e+01
-1.411599999999999966e+00
7.800000000000000000e+01
1.000000000000000000e+01
-1.411599999999999966e+00
2.250000000000000000e+02
1.000000000000000000e+01
-1.411599999999999966e+00
3.650000000000000000e+02
1.000000000000000000e+01
-1.411599999999999966e+00
3.840000000000000000e+02
1.000000000000000000e+01
-1.411599999999999966e+00
3.850000000000000000e+02
1.000000000000000000e+01
-1.411599999999999966e+00
4.100000000000000000e+02
1.000000000000000000e+01
-1.411599999999999966e+00
4.280000000000000000e+02
1.000000000000000000e+01
-1.411599999999999966e+00
4.440000000000000000e+02
1.000000000000000000e+01
-1.411599999999999966e+00
7.800000000000000000e+01
1.100000000000000000e+01
-1.411599999999999966e+00
2.250000000000000000e+02
1.100000000000000000e+01
-1.411599999999999966e+00
3.650000000000000000e+02
1.100000000000000000e+01
-1.411599999999999966e+00
3.840000000000000000e+02
1.100000000000000000e+01
-1.411599999999999966e+00
3.850000000000000000e+02
1.100000000000000000e+01
-1.411599999999999966e+00
4.100000000000000000e+02
1.100000000000000000e+01
-1.411599999999999966e+00
4.280000000000000000e+02
1.100000000000000000e+01
-1.411599999999999966e+00
4.440000000000000000e+02
1.100000000000000000e+01
-1.411599999999999966e+00
3.840000000000000000e+02
1.200000000000000000e+01
-1.411599999999999966e+00
3.850000000000000000e+02
1.200000000000000000e+01
-1.411599999999999966e+00
4.100000000000000000e+02
1.200000000000000000e+01
-1.411599999999999966e+00
4.440000000000000000e+02
1.200000000000000000e+01
-1.411599999999999966e+00
3.840000000000000000e+02
1.300000000000000000e+01
-1.411599999999999966e+00
4.440000000000000000e+02
1.300000000000000000e+01
-1.411599999999999966e+00
1.560000000000000000e+02
1.600000000000000000e+01
-1.411599999999999966e+00
1.560000000000000000e+02
1.700000000000000000e+01
-1.411599999999999966e+00
3.540000000000000000e+02
1.700000000000000000e+01
-1.411599999999999966e+00
1.560000000000000000e+02
1.800000000000000000e+01
-1.411599999999999966e+00
3.540000000000000000e+02
1.800000000000000000e+01
-1.411599999999999966e+00
1.580000000000000000e+02
1.900000000000000000e+01
-1.411599999999999966e+00
3.540000000000000000e+02
1.900000000000000000e+01
-1.411599999999999966e+00
2.920000000000000000e+02
6.000000000000000000e+01
-1.411599999999999966e+00
7.100000000000000000e+01
6.100000000000000000e+01
-1.411599999999999966e+00
2.700000000000000000e+02
6.100000000000000000e+01
-1.411599999999999966e+00
2.920000000000000000e+02
6.100000000000000000e+01
-1.411599999999999966e+00
4.020000000000000000e+02
6.100000000000000000e+01
-1.411599999999999966e+00
7.100000000000000000e+01
6.200000000000000000e+01
-1.411599999999999966e+00
2.700000000000000000e+02
6.200000000000000000e+01
-1.411599999999999966e+00
2.920000000000000000e+02
6.200000000000000000e+01
-1.411599999999999966e+00
4.020000000000000000e+02
6.200000000000000000e+01
-1.411599999999999966e+00
4.550000000000000000e+02
6.200000000000000000e+01
-1.411599999999999966e+00
7.100000000000000000e+01
6.300000000000000000e+01
-1.411599999999999966e+00
2.460000000000000000e+02
6.300000000000000000e+01
-1.411599999999999966e+00
2.700000000000000000e+02
6.300000000000000000e+01
-1.411599999999999966e+00
2.920000000000000000e+02
6.300000000000000000e+01
-1.411599999999999966e+00
2.940000000000000000e+02
6.300000000000000000e+01
-1.411599999999999966e+00
4.020000000000000000e+02
6.300000000000000000e+01
-1.411599999999999966e+00
4.550000000000000000e+02
6.300000000000000000e+01
-1.411599999999999966e+00
2.460000000000000000e+02
6.400000000000000000e+01
-1.411599999999999966e+00
2.700000000000000000e+02
6.400000000000000000e+01
-1.411599999999999966e+00
2.920000000000000000e+02
6.400000000000000000e+01
-1.411599999999999966e+00
2.940000000000000000e+02
6.400000000000000000e+01
-1.411599999999999966e+00
3.650000000000000000e+02
6.400000000000000000e+01
-1.411599999999999966e+00
3.840000000000000000e+02
6.400000000000000000e+01
-1.411599999999999966e+00
4.020000000000000000e+02
6.400000000000000000e+01
-1.411599999999999966e+00
4.080000000000000000e+02
6.400000000000000000e+01
-1.411599999999999966e+00
4.550000000000000000e+02
6.400000000000000000e+01
-1.411599999999999966e+00
2.700000000000000000e+01
6.500000000000000000e+01
-1.411599999999999966e+00
1.520000000000000000e+02
6.500000000000000000e+01
-1.411599999999999966e+00
2.700000000000000000e+02
6.500000000000000000e+01
-1.411599999999999966e+00
2.920000000000000000e+02
6.500000000000000000e+01
-1.411599999999999966e+00
2.940000000000000000e+02
6.500000000000000000e+01
-1.411599999999999966e+00
3.840000000000000000e+02
6.500000000000000000e+01
-1.411599999999999966e+00
4.020000000000000000e+02
6.500000000000000000e+01
-1.411599999999999966e+00
4.080000000000000000e+02
6.500000000000000000e+01
-1.411599999999999966e+00
4.550000000000000000e+02
6.500000000000000000e+01
-1.411599999999999966e+00
2.700000000000000000e+01
6.600000000000000000e+01
-1.411599999999999966e+00
9.000000000000000000e+01
6.600000000000000000e+01
-1.411599999999999966e+00
1.520000000000000000e+02
6.600000000000000000e+01
-1.411599999999999966e+00
2.700000000000000000e+02
6.600000000000000000e+01
-1.411599999999999966e+00
2.920000000000000000e+02
6.600000000000000000e+01
-1.411599999999999966e+00
3.840000000000000000e+02
6.600000000000000000e+01
-1.411599999999999966e+00
1.520000000000000000e+02
6.700000000000000000e+01
-1.411599999999999966e+00
2.920000000000000000e+02
6.700000000000000000e+01
-1.411599999999999966e+00
4.940000000000000000e+02
6.900000000000000000e+01
-1.411599999999999966e+00
1.820000000000000000e+02
7.500000000000000000e+01
-1.411599999999999966e+00
1.820000000000000000e+02
7.600000000000000000e+01
-1.411599999999999966e+00
1.820000000000000000e+02
7.700000000000000000e+01
-1.411599999999999966e+00
4.380000000000000000e+02
7.700000000000000000e+01
-1.411599999999999966e+00
1.820000000000000000e+02
7.800000000000000000e+01
-1.411599999999999966e+00
4.380000000000000000e+02
7.800000000000000000e+01
-1.411599999999999966e+00
1.820000000000000000e+02
7.900000000000000000e+01
-1.411599999999999966e+00
4.440000000000000000e+02
6.000000000000000000e+00
-4.115999999999999659e-01
7.800000000000000000e+01
7.000000000000000000e+00
-4.115999999999999659e-01
3.840000000000000000e+02
7.000000000000000000e+00
-4.115999999999999659e-01
4.100000000000000000e+02
7.000000000000000000e+00
-4.115999999999999659e-01
4.440000000000000000e+02
7.000000000000000000e+00
-4.115999999999999659e-01
7.700000000000000000e+01
8.000000000000000000e+00
-4.115999999999999659e-01
7.800000000000000000e+01
8.000000000000000000e+00
-4.115999999999999659e-01
2.250000000000000000e+02
8.000000000000000000e+00
-4.115999999999999659e-01
2.920000000000000000e+02
8.000000000000000000e+00
-4.115999999999999659e-01
3.650000000000000000e+02
8.000000000000000000e+00
-4.115999999999999659e-01
3.840000000000000000e+02
8.000000000000000000e+00
-4.115999999999999659e-01
4.100000000000000000e+02
8.000000000000000000e+00
-4.115999999999999659e-01
4.440000000000000000e+02
8.000000000000000000e+00
-4.115999999999999659e-01
6.900000000000000000e+01
9.000000000000000000e+00
-4.115999999999999659e-01
7.700000000000000000e+01
9.000000000000000000e+00
-4.115999999999999659e-01
7.800000000000000000e+01
9.000000000000000000e+00
-4.115999999999999659e-01
2.250000000000000000e+02
9.000000000000000000e+00
-4.115999999999999659e-01
2.920000000000000000e+02
9.000000000000000000e+00
-4.115999999999999659e-01
2.940000000000000000e+02
9.000000000000000000e+00
-4.115999999999999659e-01
3.650000000000000000e+02
9.000000000000000000e+00
-4.115999999999999659e-01
3.840000000000000000e+02
9.000000000000000000e+00
-4.115999999999999659e-01
4.100000000000000000e+02
9.000000000000000000e+00
-4.115999999999999659e-01
4.440000000000000000e+02
9.000000000000000000e+00
-4.115999999999999659e-01
4.550000000000000000e+02
9.000000000000000000e+00
-4.115999999999999659e-01
6.900000000000000000e+01
1.000000000000000000e+01
-4.115999999999999659e-01
7.700000000000000000e+01
1.000000000000000000e+01
-4.115999999999999659e-01
7.800000000000000000e+01
1.000000000000000000e+01
-4.115999999999999659e-01
2.920000000000000000e+02
1.000000000000000000e+01
-4.115999999999999659e-01
3.650000000000000000e+02
1.000000000000000000e+01
-4.115999999999999659e-01
3.840000000000000000e+02
1.000000000000000000e+01
-4.115999999999999659e-01
4.280000000000000000e+02
1.000000000000000000e+01
-4.115999999999999659e-01
4.440000000000000000e+02
1.000000000000000000e+01
-4.115999999999999659e-01
7.700000000000000000e+01
1.100000000000000000e+01
-4.115999999999999659e-01
3.650000000000000000e+02
1.100000000000000000e+01
-4.115999999999999659e-01
3.840000000000000000e+02
1.100000000000000000e+01
-4.115999999999999659e-01
4.280000000000000000e+02
1.100000000000000000e+01
-4.115999999999999659e-01
4.440000000000000000e+02
1.100000000000000000e+01
-4.115999999999999659e-01
7.100000000000000000e+01
6.100000000000000000e+01
-4.115999999999999659e-01
7.100000000000000000e+01
6.200000000000000000e+01
-4.115999999999999659e-01
2.700000000000000000e+02
6.200000000000000000e+01
-4.115999999999999659e-01
2.920000000000000000e+02
6.200000000000000000e+01
-4.115999999999999659e-01
4.020000000000000000e+02
6.200000000000000000e+01
-4.115999999999999659e-01
7.100000000000000000e+01
6.300000000000000000e+01
-4.115999999999999659e-01
2.700000000000000000e+02
6.300000000000000000e+01
-4.115999999999999659e-01
2.920000000000000000e+02
6.300000000000000000e+01
-4.115999999999999659e-01
4.020000000000000000e+02
6.300000000000000000e+01
-4.115999999999999659e-01
4.550000000000000000e+02
6.300000000000000000e+01
-4.115999999999999659e-01
7.100000000000000000e+01
6.400000000000000000e+01
-4.115999999999999659e-01
2.700000000000000000e+02
6.400000000000000000e+01
-4.115999999999999659e-01
2.920000000000000000e+02
6.400000000000000000e+01
-4.115999999999999659e-01
3.650000000000000000e+02
6.400000000000000000e+01
-4.115999999999999659e-01
4.020000000000000000e+02
6.400000000000000000e+01
-4.115999999999999659e-01
4.550000000000000000e+02
6.400000000000000000e+01
-4.115999999999999659e-01
2.700000000000000000e+02
6.500000000000000000e+01
-4.115999999999999659e-01
2.920000000000000000e+02
6.500000000000000000e+01
-4.115999999999999659e-01
3.840000000000000000e+02
6.500000000000000000e+01
-4.115999999999999659e-01
2.700000000000000000e+02
6.600000000000000000e+01
-4.115999999999999659e-01
2.920000000000000000e+02
6.600000000000000000e+01
-4.115999999999999659e-01
2.920000000000000000e+02
6.700000000000000000e+01
-4.115999999999999659e-01
3.540000000000000000e+02
1.800000000000000000e+01
5.884000000000000341e-01
6.800000000000000000e+01
1.900000000000000000e+01
5.884000000000000341e-01
6.800000000000000000e+01
2.000000000000000000e+01
5.884000000000000341e-01
7.100000000000000000e+01
6.300000000000000000e+01
5.884000000000000341e-01
2.920000000000000000e+02
6.300000000000000000e+01
5.884000000000000341e-01
2.700000000000000000e+02
6.400000000000000000e+01
5.884000000000000341e-01
2.920000000000000000e+02
6.400000000000000000e+01
5.884000000000000341e-01
2.700000000000000000e+02
6.500000000000000000e+01
5.884000000000000341e-01
2.920000000000000000e+02
6.500000000000000000e+01
5.884000000000000341e-01
1.820000000000000000e+02
7.600000000000000000e+01
5.884000000000000341e-01
1.820000000000000000e+02
7.700000000000000000e+01
5.884000000000000341e-01
1.820000000000000000e+02
7.800000000000000000e+01
5.884000000000000341e-01
1.820000000000000000e+02
7.900000000000000000e+01
5.884000000000000341e-01
1.820000000000000000e+02
8.000000000000000000e+01
5.884000000000000341e-01
1.820000000000000000e+02
8.100000000000000000e+01
5.884000000000000341e-01
4.440000000000000000e+02
1.100000000000000000e+01
1.588400000000000034e+00
3.840000000000000000e+02
1.200000000000000000e+01
1.588400000000000034e+00
4.440000000000000000e+02
1.200000000000000000e+01
1.588400000000000034e+00
4.440000000000000000e+02
1.300000000000000000e+01
1.588400000000000034e+00
6.800000000000000000e+01
1.900000000000000000e+01
1.588400000000000034e+00
7.900000000000000000e+01
5.300000000000000000e+01
1.588400000000000034e+00
7.900000000000000000e+01
5.400000000000000000e+01
1.588400000000000034e+00
1.820000000000000000e+02
7.500000000000000000e+01
1.588400000000000034e+00
1.820000000000000000e+02
7.600000000000000000e+01
1.588400000000000034e+00
4.380000000000000000e+02
7.600000000000000000e+01
1.588400000000000034e+00
1.820000000000000000e+02
7.700000000000000000e+01
1.588400000000000034e+00
1.820000000000000000e+02
7.800000000000000000e+01
1.588400000000000034e+00
1.820000000000000000e+02
7.900000000000000000e+01
1.588400000000000034e+00
3.900000000000000000e+02
7.900000000000000000e+01
1.588400000000000034e+00
1.820000000000000000e+02
8.000000000000000000e+01
1.588400000000000034e+00
3.900000000000000000e+02
8.000000000000000000e+01
1.588400000000000034e+00
1.820000000000000000e+02
8.100000000000000000e+01
1.588400000000000034e+00
4.100000000000000000e+02
4.000000000000000000e+00
2.588400000000000034e+00
4.100000000000000000e+02
5.000000000000000000e+00
2.588400000000000034e+00
2.700000000000000000e+02
6.000000000000000000e+00
2.588400000000000034e+00
2.510000000000000000e+02
7.000000000000000000e+00
2.588400000000000034e+00
3.840000000000000000e+02
7.000000000000000000e+00
2.588400000000000034e+00
3.840000000000000000e+02
8.000000000000000000e+00
2.588400000000000034e+00
3.850000000000000000e+02
8.000000000000000000e+00
2.588400000000000034e+00
4.280000000000000000e+02
8.000000000000000000e+00
2.588400000000000034e+00
3.840000000000000000e+02
9.000000000000000000e+00
2.588400000000000034e+00
3.850000000000000000e+02
9.000000000000000000e+00
2.588400000000000034e+00
4.280000000000000000e+02
9.000000000000000000e+00
2.588400000000000034e+00
4.670000000000000000e+02
9.000000000000000000e+00
2.588400000000000034e+00
3.840000000000000000e+02
1.000000000000000000e+01
2.588400000000000034e+00
3.850000000000000000e+02
1.000000000000000000e+01
2.588400000000000034e+00
3.840000000000000000e+02
1.100000000000000000e+01
2.588400000000000034e+00
3.850000000000000000e+02
1.100000000000000000e+01
2.588400000000000034e+00
4.570000000000000000e+02
1.100000000000000000e+01
2.588400000000000034e+00
2.280000000000000000e+02
1.200000000000000000e+01
2.588400000000000034e+00
3.840000000000000000e+02
1.200000000000000000e+01
2.588400000000000034e+00
3.850000000000000000e+02
1.200000000000000000e+01
2.588400000000000034e+00
4.570000000000000000e+02
1.200000000000000000e+01
2.588400000000000034e+00
3.540000000000000000e+02
1.300000000000000000e+01
2.588400000000000034e+00
3.840000000000000000e+02
1.300000000000000000e+01
2.588400000000000034e+00
4.570000000000000000e+02
1.300000000000000000e+01
2.588400000000000034e+00
2.910000000000000000e+02
3.100000000000000000e+01
2.588400000000000034e+00
4.940000000000000000e+02
6.500000000000000000e+01
2.588400000000000034e+00
4.940000000000000000e+02
6.600000000000000000e+01
2.588400000000000034e+00
4.940000000000000000e+02
6.700000000000000000e+01
2.588400000000000034e+00
4.940000000000000000e+02
6.800000000000000000e+01
2.588400000000000034e+00
4.570000000000000000e+02
7.000000000000000000e+01
2.588400000000000034e+00
4.570000000000000000e+02
7.100000000000000000e+01
2.588400000000000034e+00
1.020000000000000000e+02
7.200000000000000000e+01
2.588400000000000034e+00
1.020000000000000000e+02
7.300000000000000000e+01
2.588400000000000034e+00
1.820000000000000000e+02
7.600000000000000000e+01
2.588400000000000034e+00
1.820000000000000000e+02
7.700000000000000000e+01
2.588400000000000034e+00
1.820000000000000000e+02
7.800000000000000000e+01
2.588400000000000034e+00
3.900000000000000000e+02
7.800000000000000000e+01
2.588400000000000034e+00
3.900000000000000000e+02
7.900000000000000000e+01
2.588400000000000034e+00
3.900000000000000000e+02
8.000000000000000000e+01
2.588400000000000034e+00
3.900000000000000000e+02
8.100000000000000000e+01
2.588400000000000034e+00
3.900000000000000000e+02
8.200000000000000000e+01
2.588400000000000034e+00
3.840000000000000000e+02
6.000000000000000000e+00
3.221600000000000019e+00
2.510000000000000000e+02
7.000000000000000000e+00
3.221600000000000019e+00
3.840000000000000000e+02
7.000000000000000000e+00
3.221600000000000019e+00
4.280000000000000000e+02
7.000000000000000000e+00
3.221600000000000019e+00
3.840000000000000000e+02
8.000000000000000000e+00
3.221600000000000019e+00
3.850000000000000000e+02
8.000000000000000000e+00
3.221600000000000019e+00
4.280000000000000000e+02
8.000000000000000000e+00
3.221600000000000019e+00
4.670000000000000000e+02
8.000000000000000000e+00
3.221600000000000019e+00
3.840000000000000000e+02
9.000000000000000000e+00
3.221600000000000019e+00
3.850000000000000000e+02
9.000000000000000000e+00
3.221600000000000019e+00
4.670000000000000000e+02
9.000000000000000000e+00
3.221600000000000019e+00
3.840000000000000000e+02
1.000000000000000000e+01
3.221600000000000019e+00
3.850000000000000000e+02
1.000000000000000000e+01
3.221600000000000019e+00
3.840000000000000000e+02
1.100000000000000000e+01
3.221600000000000019e+00
3.850000000000000000e+02
1.100000000000000000e+01
3.221600000000000019e+00
4.570000000000000000e+02
1.100000000000000000e+01
3.221600000000000019e+00
2.280000000000000000e+02
1.200000000000000000e+01
3.221600000000000019e+00
3.840000000000000000e+02
1.200000000000000000e+01
3.221600000000000019e+00
3.850000000000000000e+02
1.200000000000000000e+01
3.221600000000000019e+00
4.570000000000000000e+02
1.200000000000000000e+01
3.221600000000000019e+00
2.280000000000000000e+02
1.300000000000000000e+01
3.221600000000000019e+00
3.840000000000000000e+02
1.300000000000000000e+01
3.221600000000000019e+00
4.570000000000000000e+02
1.300000000000000000e+01
3.221600000000000019e+00
6.800000000000000000e+01
1.800000000000000000e+01
3.221600000000000019e+00
6.800000000000000000e+01
1.900000000000000000e+01
3.221600000000000019e+00
6.800000000000000000e+01
2.000000000000000000e+01
3.221600000000000019e+00
6.800000000000000000e+01
2.100000000000000000e+01
3.221600000000000019e+00
6.800000000000000000e+01
2.200000000000000000e+01
3.221600000000000019e+00
2.890000000000000000e+02
2.200000000000000000e+01
3.221600000000000019e+00
6.800000000000000000e+01
2.300000000000000000e+01
3.221600000000000019e+00
2.890000000000000000e+02
2.300000000000000000e+01
3.221600000000000019e+00
6.800000000000000000e+01
2.400000000000000000e+01
3.221600000000000019e+00
9.000000000000000000e+01
2.400000000000000000e+01
3.221600000000000019e+00
2.890000000000000000e+02
2.400000000000000000e+01
3.221600000000000019e+00
6.800000000000000000e+01
2.500000000000000000e+01
3.221600000000000019e+00
9.000000000000000000e+01
2.500000000000000000e+01
3.221600000000000019e+00
2.890000000000000000e+02
2.500000000000000000e+01
3.221600000000000019e+00
6.800000000000000000e+01
2.600000000000000000e+01
3.221600000000000019e+00
9.000000000000000000e+01
2.600000000000000000e+01
3.221600000000000019e+00
2.890000000000000000e+02
2.600000000000000000e+01
3.221600000000000019e+00
4.000000000000000000e+01
2.700000000000000000e+01
3.221600000000000019e+00
6.800000000000000000e+01
2.700000000000000000e+01
3.221600000000000019e+00
9.000000000000000000e+01
2.700000000000000000e+01
3.221600000000000019e+00
2.890000000000000000e+02
2.700000000000000000e+01
3.221600000000000019e+00
4.000000000000000000e+01
2.800000000000000000e+01
3.221600000000000019e+00
6.800000000000000000e+01
2.800000000000000000e+01
3.221600000000000019e+00
9.000000000000000000e+01
2.800000000000000000e+01
3.221600000000000019e+00
4.000000000000000000e+01
2.900000000000000000e+01
3.221600000000000019e+00
6.800000000000000000e+01
2.900000000000000000e+01
3.221600000000000019e+00
9.000000000000000000e+01
2.900000000000000000e+01
3.221600000000000019e+00
1.520000000000000000e+02
2.900000000000000000e+01
3.221600000000000019e+00
2.910000000000000000e+02
2.900000000000000000e+01
3.221600000000000019e+00
1.520000000000000000e+02
3.000000000000000000e+01
3.221600000000000019e+00
2.910000000000000000e+02
3.000000000000000000e+01
3.221600000000000019e+00
1.520000000000000000e+02
3.100000000000000000e+01
3.221600000000000019e+00
2.910000000000000000e+02
3.100000000000000000e+01
3.221600000000000019e+00
1.070000000000000000e+02
3.200000000000000000e+01
3.221600000000000019e+00
1.520000000000000000e+02
3.200000000000000000e+01
3.221600000000000019e+00
2.910000000000000000e+02
3.200000000000000000e+01
3.221600000000000019e+00
3.000000000000000000e+00
3.300000000000000000e+01
3.221600000000000019e+00
1.070000000000000000e+02
3.300000000000000000e+01
3.221600000000000019e+00
1.520000000000000000e+02
3.300000000000000000e+01
3.221600000000000019e+00
2.910000000000000000e+02
3.300000000000000000e+01
3.221600000000000019e+00
3.000000000000000000e+00
3.400000000000000000e+01
3.221600000000000019e+00
2.910000000000000000e+02
3.400000000000000000e+01
3.221600000000000019e+00
3.810000000000000000e+02
3.600000000000000000e+01
3.221600000000000019e+00
3.810000000000000000e+02
3.700000000000000000e+01
3.221600000000000019e+00
3.810000000000000000e+02
3.800000000000000000e+01
3.221600000000000019e+00
3.810000000000000000e+02
3.900000000000000000e+01
3.221600000000000019e+00
1.890000000000000000e+02
4.000000000000000000e+01
3.221600000000000019e+00
2.890000000000000000e+02
4.000000000000000000e+01
3.221600000000000019e+00
2.910000000000000000e+02
4.000000000000000000e+01
3.221600000000000019e+00
3.810000000000000000e+02
4.000000000000000000e+01
3.221600000000000019e+00
1.890000000000000000e+02
4.100000000000000000e+01
3.221600000000000019e+00
2.890000000000000000e+02
4.100000000000000000e+01
3.221600000000000019e+00
1.890000000000000000e+02
4.200000000000000000e+01
3.221600000000000019e+00
2.890000000000000000e+02
4.200000000000000000e+01
3.221600000000000019e+00
4.000000000000000000e+01
4.300000000000000000e+01
3.221600000000000019e+00
1.890000000000000000e+02
4.300000000000000000e+01
3.221600000000000019e+00
2.890000000000000000e+02
4.300000000000000000e+01
3.221600000000000019e+00
4.000000000000000000e+01
4.400000000000000000e+01
3.221600000000000019e+00
2.910000000000000000e+02
4.500000000000000000e+01
3.221600000000000019e+00
2.910000000000000000e+02
4.600000000000000000e+01
3.221600000000000019e+00
7.100000000000000000e+01
6.100000000000000000e+01
3.221600000000000019e+00
7.100000000000000000e+01
6.200000000000000000e+01
3.221600000000000019e+00
2.700000000000000000e+02
6.200000000000000000e+01
3.221600000000000019e+00
2.920000000000000000e+02
6.200000000000000000e+01
3.221600000000000019e+00
4.020000000000000000e+02
6.200000000000000000e+01
3.221600000000000019e+00
4.920000000000000000e+02
6.200000000000000000e+01
3.221600000000000019e+00
7.100000000000000000e+01
6.300000000000000000e+01
3.221600000000000019e+00
2.700000000000000000e+02
6.300000000000000000e+01
3.221600000000000019e+00
4.020000000000000000e+02
6.300000000000000000e+01
3.221600000000000019e+00
4.940000000000000000e+02
6.300000000000000000e+01
3.221600000000000019e+00
2.700000000000000000e+02
6.400000000000000000e+01
3.221600000000000019e+00
2.920000000000000000e+02
6.400000000000000000e+01
3.221600000000000019e+00
4.020000000000000000e+02
6.400000000000000000e+01
3.221600000000000019e+00
4.940000000000000000e+02
6.400000000000000000e+01
3.221600000000000019e+00
2.700000000000000000e+02
6.500000000000000000e+01
3.221600000000000019e+00
2.920000000000000000e+02
6.500000000000000000e+01
3.221600000000000019e+00
4.020000000000000000e+02
6.500000000000000000e+01
3.221600000000000019e+00
4.940000000000000000e+02
6.500000000000000000e+01
3.221600000000000019e+00
2.920000000000000000e+02
6.600000000000000000e+01
3.221600000000000019e+00
4.020000000000000000e+02
6.600000000000000000e+01
3.221600000000000019e+00
4.940000000000000000e+02
6.600000000000000000e+01
3.221600000000000019e+00
4.940000000000000000e+02
6.700000000000000000e+01
3.221600000000000019e+00
3.380000000000000000e+02
6.800000000000000000e+01
3.221600000000000019e+00
4.940000000000000000e+02
6.800000000000000000e+01
3.221600000000000019e+00
4.940000000000000000e+02
6.900000000000000000e+01
3.221600000000000019e+00
2.750000000000000000e+02
7.600000000000000000e+01
3.221600000000000019e+00
2.750000000000000000e+02
7.700000000000000000e+01
3.221600000000000019e+00
2.780000000000000000e+02
7.800000000000000000e+01
3.221600000000000019e+00
3.900000000000000000e+02
7.800000000000000000e+01
3.221600000000000019e+00
2.780000000000000000e+02
7.900000000000000000e+01
3.221600000000000019e+00
2.950000000000000000e+02
7.900000000000000000e+01
3.221600000000000019e+00
3.900000000000000000e+02
7.900000000000000000e+01
3.221600000000000019e+00
2.780000000000000000e+02
8.000000000000000000e+01
3.221600000000000019e+00
2.950000000000000000e+02
8.000000000000000000e+01
3.221600000000000019e+00
3.710000000000000000e+02
8.000000000000000000e+01
3.221600000000000019e+00
3.900000000000000000e+02
8.000000000000000000e+01
3.221600000000000019e+00
2.950000000000000000e+02
8.100000000000000000e+01
3.221600000000000019e+00
3.330000000000000000e+02
8.100000000000000000e+01
3.221600000000000019e+00
3.710000000000000000e+02
8.100000000000000000e+01
3.221600000000000019e+00
3.900000000000000000e+02
8.100000000000000000e+01
3.221600000000000019e+00
2.950000000000000000e+02
8.200000000000000000e+01
3.221600000000000019e+00
3.330000000000000000e+02
8.200000000000000000e+01
3.221600000000000019e+00
3.710000000000000000e+02
8.200000000000000000e+01
3.221600000000000019e+00
3.900000000000000000e+02
8.200000000000000000e+01
3.221600000000000019e+00
2.950000000000000000e+02
8.300000000000000000e+01
3.221600000000000019e+00
3.900000000000000000e+02
8.300000000000000000e+01
3.221600000000000019e+00
2.880000000000000000e+02
8.400000000000000000e+01
3.221600000000000019e+00
1.750000000000000000e+02
8.600000000000000000e+01
3.221600000000000019e+00
1.750000000000000000e+02
8.700000000000000000e+01
3.221600000000000019e+00
1.750000000000000000e+02
8.800000000000000000e+01
3.221600000000000019e+00
1.070000000000000000e+02
8.900000000000000000e+01
3.221600000000000019e+00
1.750000000000000000e+02
8.900000000000000000e+01
3.221600000000000019e+00
2.440000000000000000e+02
8.900000000000000000e+01
3.221600000000000019e+00
1.070000000000000000e+02
9.000000000000000000e+01
3.221600000000000019e+00
1.750000000000000000e+02
9.000000000000000000e+01
3.221600000000000019e+00
2.440000000000000000e+02
9.000000000000000000e+01
3.221600000000000019e+00
1.070000000000000000e+02
9.100000000000000000e+01
3.221600000000000019e+00
1.750000000000000000e+02
9.100000000000000000e+01
3.221600000000000019e+00
2.440000000000000000e+02
9.100000000000000000e+01
3.221600000000000019e+00
1.070000000000000000e+02
9.200000000000000000e+01
3.221600000000000019e+00
1.750000000000000000e+02
9.200000000000000000e+01
3.221600000000000019e+00
1.070000000000000000e+02
9.300000000000000000e+01
3.221600000000000019e+00
1.750000000000000000e+02
9.300000000000000000e+01
3.221600000000000019e+00
1.070000000000000000e+02
9.500000000000000000e+01
3.221600000000000019e+00
1.070000000000000000e+02
9.600000000000000000e+01
3.221600000000000019e+00
1.070000000000000000e+02
9.700000000000000000e+01
3.221600000000000019e+00
1.530000000000000000e+02
9.700000000000000000e+01
3.221600000000000019e+00
9.000000000000000000e+01
9.800000000000000000e+01
3.221600000000000019e+00
1.070000000000000000e+02
9.800000000000000000e+01
3.221600000000000019e+00
1.530000000000000000e+02
9.800000000000000000e+01
3.221600000000000019e+00
1.940000000000000000e+02
9.800000000000000000e+01
3.221600000000000019e+00
9.000000000000000000e+01
9.900000000000000000e+01
3.221600000000000019e+00
1.530000000000000000e+02
9.900000000000000000e+01
3.221600000000000019e+00
1.940000000000000000e+02
9.900000000000000000e+01
3.221600000000000019e+00
9.000000000000000000e+01
1.000000000000000000e+02
3.221600000000000019e+00
1.940000000000000000e+02
1.000000000000000000e+02
3.221600000000000019e+00
9.000000000000000000e+01
1.010000000000000000e+02
3.221600000000000019e+00
