0.000000000000000000e+00
2.503681885125184081e+00
1.963672066764850233e-01
2.945508100147275488e-01
1.276386843397152582e+00
2.110947471772214090e+00
5.301914580265095545e+00
8.640157093765340690e+00
1.124202258222876871e+01
1.389297987236131604e+01
1.458026509572901475e+01
1.507118311242022557e+01
1.521845851742758882e+01
1.521845851742758882e+01
1.472754050073637799e+01
1.472754050073637799e+01
1.580756013745704358e+01
1.840942562592047338e+01
2.160039273441335439e+01
2.164948453608247547e+01
2.233676975945017418e+01
2.263132056946490067e+01
2.218949435444280738e+01
2.086401570937653460e+01
1.836033382425135230e+01
1.620029455081001402e+01
1.359842906234658777e+01
1.001472754050073632e+01
7.265586647029946832e+00
6.676485027000491179e+00
8.051055473735885926e+00
1.084928816887579828e+01
1.237113402061855716e+01
1.261659302896416257e+01
1.472754050073637799e+01
1.728031418753068138e+01
1.703485517918507597e+01
1.516936671575846773e+01
1.276386843397152582e+01
1.374570446735395279e+01
1.624938635247913510e+01
1.659302896416298267e+01
1.752577319587628679e+01
2.042218949435444131e+01
2.385861561119293128e+01
2.479135984290623540e+01
2.636229749631811714e+01
2.842415316642120615e+01
2.935689739813451382e+01
2.857142857142856940e+01
2.920962199312715057e+01
2.940598919980363490e+01
2.871870397643593265e+01
2.930780559646539274e+01
2.979872361315660356e+01
3.043691703485517763e+01
2.901325478645066624e+01
2.724594992636229662e+01
2.749140893470790559e+01
2.690230731467844905e+01
2.660775650466372255e+01
2.665684830633284363e+01
2.660775650466372255e+01
2.646048109965635931e+01
2.562592047128129380e+01
2.606774668630339065e+01
2.577319587628865705e+01
2.572410407461953596e+01
2.498772704958271973e+01
2.493863524791359865e+01
2.542955326460480947e+01
2.454590083456062644e+01
2.469317623956799324e+01
2.444771723122238427e+01
2.405498281786941561e+01
2.361315660284732232e+01
2.233676975945017418e+01
2.056946489936180456e+01
1.816396661757486442e+01
1.865488463426607879e+01
