0.000000000000000000e+00
0.000000000000000000e+00
3.391572456320658180e+00
6.166495375128469014e+00
7.605344295991778303e+00
1.459403905447070926e+01
1.808838643371017341e+01
2.230215827338129486e+01
2.672147995889003269e+01
2.857142857142856940e+01
3.001027749229188046e+01
3.309352517985611541e+01
3.484069886947585104e+01
3.525179856115107668e+01
3.463514902363823467e+01
3.175745118191161254e+01
3.124357656731757515e+01
2.980472764645426409e+01
2.785200411099691564e+01
2.631038026721479994e+01
2.497430626927030062e+01
2.641315519013360813e+01
2.600205549845837538e+01
2.826310380267214484e+01
3.114080164439877052e+01
3.175745118191161254e+01
2.970195272353545590e+01
2.846865364850976121e+01
2.487153134635149243e+01
2.466598150051387606e+01
2.867420349434737759e+01
3.155190133607399616e+01
3.432682425488181366e+01
3.268242548818088267e+01
3.299075025693730367e+01
3.319630010277492005e+01
3.442959917780061829e+01
3.319630010277492005e+01
3.052415210688592140e+01
3.042137718396711321e+01
3.268242548818088267e+01
3.504624871531346741e+01
3.658787255909557956e+01
3.556012332990749769e+01
3.422404933196300192e+01
3.422404933196300192e+01
2.867420349434737759e+01
2.497430626927030062e+01
2.209660842754367849e+01
2.076053442959917916e+01
1.952723535457348447e+01
1.767728674203494066e+01
2.014388489208633004e+01
2.291880781089414398e+01
2.446043165467625968e+01
2.651593011305241632e+01
2.826310380267214484e+01
3.946557040082219459e+01
3.741007194244604506e+01
3.309352517985611541e+01
3.072970195272353777e+01
2.733812949640287826e+01
2.343268242548818137e+01
2.086330935251798735e+01
2.312435765673176036e+01
2.579650565262075901e+01
2.723535457348407363e+01
2.877697841726618577e+01
3.093525179856115415e+01
3.062692702980472959e+01
2.918807810894141852e+01
2.959917780061665127e+01
3.124357656731757515e+01
3.155190133607399616e+01
2.497430626927030062e+01
1.747173689619732784e+01
1.212744090441932165e+01
2.980472764645426320e+00
2.055498458376156246e-01
0.000000000000000000e+00
