5.411255411255411207e-01
3.463203463203463173e+00
1.601731601731601629e+01
3.041125541125541076e+01
3.831168831168831446e+01
4.350649350649350566e+01
4.577922077922077904e+01
4.924242424242424221e+01
4.848484848484848442e+01
4.642857142857143060e+01
4.415584415584415723e+01
4.404761904761904390e+01
4.134199134199133852e+01
3.831168831168831446e+01
3.744588744588744333e+01
3.766233766233766289e+01
4.015151515151514872e+01
4.339826839826839944e+01
4.534632034632034703e+01
4.426406926406926345e+01
4.166666666666667140e+01
4.015151515151514872e+01
3.863636363636363313e+01
3.647186147186147309e+01
3.744588744588744333e+01
4.004329004329004249e+01
4.253246753246753542e+01
4.383116883116883145e+01
4.621212121212121104e+01
4.956709956709956799e+01
5.064935064935064446e+01
5.400432900432900141e+01
5.562770562770562321e+01
5.768398268398268414e+01
5.443722943722944052e+01
5.183982683982684136e+01
4.880952380952381020e+01
4.361471861471861899e+01
4.318181818181817988e+01
4.264069264069264165e+01
3.625541125541126064e+01
3.636363636363636687e+01
4.015151515151514872e+01
4.209956709956709631e+01
4.350649350649350566e+01
4.556277056277055948e+01
4.285714285714285410e+01
4.285714285714285410e+01
4.123376623376623229e+01
4.004329004329004249e+01
3.982683982683983004e+01
4.264069264069264165e+01
4.437229437229437679e+01
5.043290043290043201e+01
5.140692640692640936e+01
5.097402597402597024e+01
5.064935064935064446e+01
5.162337662337662891e+01
5.346320346320347028e+01
5.335497835497835695e+01
5.487012987012987253e+01
5.487012987012987253e+01
5.400432900432900141e+01
5.411255411255411474e+01
5.725108225108225213e+01
5.681818181818182012e+01
5.422077922077922807e+01
5.281385281385281161e+01
5.454545454545453964e+01
5.584415584415584277e+01
5.627705627705628189e+01
5.703463203463203968e+01
5.465367965367965297e+01
5.000000000000000000e+01
4.404761904761904390e+01
4.415584415584415723e+01
4.090909090909091361e+01
3.733766233766233711e+01
2.878787878787878896e+01
1.417748917748917847e+01
