0.000000000000000000e+00
0.000000000000000000e+00
0.000000000000000000e+00
2.500000000000000139e-02
2.500000000000000139e-02
5.000000000000000278e-02
7.499999999999999722e-02
1.374999999999999833e-01
1.499999999999999944e-01
1.625000000000000056e-01
1.750000000000000167e-01
1.499999999999999944e-01
1.625000000000000056e-01
1.750000000000000167e-01
1.124999999999999889e-01
1.124999999999999889e-01
6.250000000000000000e-02
1.250000000000000069e-02
1.250000000000000069e-02
0.000000000000000000e+00
0.000000000000000000e+00
0.000000000000000000e+00
1.250000000000000069e-02
1.250000000000000069e-02
1.250000000000000069e-02
2.500000000000000139e-02
2.500000000000000139e-02
0.000000000000000000e+00
0.000000000000000000e+00
0.000000000000000000e+00
0.000000000000000000e+00
0.000000000000000000e+00
0.000000000000000000e+00
0.000000000000000000e+00
2.500000000000000139e-02
0.000000000000000000e+00
0.000000000000000000e+00
0.000000000000000000e+00
0.000000000000000000e+00
2.500000000000000139e-02
5.000000000000000278e-02
7.499999999999999722e-02
7.499999999999999722e-02
5.000000000000000278e-02
5.000000000000000278e-02
3.749999999999999861e-02
3.749999999999999861e-02
3.749999999999999861e-02
2.500000000000000139e-02
1.250000000000000069e-02
5.000000000000000278e-02
2.500000000000000139e-02
1.250000000000000069e-02
1.250000000000000069e-02
0.000000000000000000e+00
0.000000000000000000e+00
1.250000000000000069e-02
1.250000000000000069e-02
1.250000000000000069e-02
0.000000000000000000e+00
0.000000000000000000e+00
0.000000000000000000e+00
0.000000000000000000e+00
0.000000000000000000e+00
0.000000000000000000e+00
0.000000000000000000e+00
0.000000000000000000e+00
0.000000000000000000e+00
0.000000000000000000e+00
0.000000000000000000e+00
1.250000000000000069e-02
2.500000000000000139e-02
5.000000000000000278e-02
3.749999999999999861e-02
2.500000000000000139e-02
1.250000000000000069e-02
2.500000000000000139e-02
3.749999999999999861e-02
3.749999999999999861e-02
2.500000000000000139e-02
3.749999999999999861e-02
3.749999999999999861e-02
3.749999999999999861e-02
3.749999999999999861e-02
3.749999999999999861e-02
3.749999999999999861e-02
8.750000000000000833e-02
1.374999999999999833e-01
1.250000000000000000e-01
1.250000000000000000e-01
1.124999999999999889e-01
1.374999999999999833e-01
1.625000000000000056e-01
1.875000000000000000e-01
2.500000000000000000e-01
3.250000000000000111e-01
3.250000000000000111e-01
2.625000000000000111e-01
2.000000000000000111e-01
1.625000000000000056e-01
2.999999999999999889e-01
5.499999999999999334e-01
1.400000000000000133e+00
2.574999999999999734e+00
4.212500000000000355e+00
5.012500000000000178e+00
5.549999999999999822e+00
6.412500000000000533e+00
7.825000000000000178e+00
9.525000000000000355e+00
1.086250000000000071e+01
1.153750000000000142e+01
1.108750000000000036e+01
1.000000000000000000e+01
9.862500000000000711e+00
1.037500000000000000e+01
9.900000000000000355e+00
8.487500000000000711e+00
6.837500000000000355e+00
5.587500000000000355e+00
4.237500000000000711e+00
3.275000000000000355e+00
2.600000000000000089e+00
1.987500000000000044e+00
1.425000000000000044e+00
1.312500000000000000e+00
1.099999999999999867e+00
1.025000000000000133e+00
8.750000000000001110e-01
6.624999999999999778e-01
4.499999999999999556e-01
2.874999999999999778e-01
2.125000000000000222e-01
1.499999999999999944e-01
1.625000000000000056e-01
1.250000000000000000e-01
7.499999999999999722e-02
3.749999999999999861e-02
3.749999999999999861e-02
2.500000000000000139e-02
