4.065040650406504530e-01
3.821138211382113514e+00
1.886178861788618022e+01
2.796747967479674557e+01
4.016260162601626149e+01
4.617886178861788693e+01
5.073170731707317316e+01
5.105691056910569614e+01
5.634146341463414132e+01
5.829268292682926500e+01
5.853658536585365368e+01
6.325203252032520851e+01
6.585365853658537105e+01
6.276422764227642404e+01
6.016260162601626860e+01
6.235772357723576675e+01
6.747967479674797175e+01
6.642276422764227561e+01
6.032520325203252298e+01
6.008130081300813430e+01
6.276422764227642404e+01
6.390243902439024737e+01
6.487804878048780211e+01
6.422764227642277035e+01
6.130081300813008482e+01
6.113821138211381623e+01
5.902439024390243816e+01
5.479674796747967491e+01
5.739837398373983746e+01
6.300813008130081982e+01
6.455284552845527912e+01
5.934959349593496114e+01
5.959349593495934982e+01
5.869918699186992228e+01
6.056910569105691167e+01
6.333333333333332860e+01
6.447154471544716614e+01
6.577235772357722965e+01
6.536585365853659368e+01
6.016260162601626860e+01
5.894308943089431096e+01
5.869918699186992228e+01
5.918699186991870675e+01
6.097560975609756184e+01
5.747967479674797175e+01
5.495934959349592930e+01
5.707317073170731447e+01
6.138211382113820491e+01
5.991869918699187281e+01
6.008130081300813430e+01
5.821138211382114491e+01
5.910569105691057246e+01
6.235772357723576675e+01
6.691056910569105298e+01
6.504065040650405649e+01
6.235772357723576675e+01
6.138211382113820491e+01
6.276422764227642404e+01
6.349593495934959719e+01
6.365853658536585158e+01
6.065040650406503175e+01
5.975609756097560421e+01
6.211382113821137807e+01
6.292682926829268553e+01
6.227642276422764667e+01
6.219512195121951237e+01
6.252032520325203535e+01
6.308943089430893991e+01
6.585365853658537105e+01
6.479674796747967491e+01
6.382113821138211307e+01
6.235772357723576675e+01
6.252032520325203535e+01
6.203252032520325798e+01
6.146341463414633921e+01
5.910569105691057246e+01
5.699186991869918728e+01
5.544715447154471377e+01
4.373983739837397877e+01
3.626016260162601412e+01
