0.000000000000000000e+00
0.000000000000000000e+00
0.000000000000000000e+00
0.000000000000000000e+00
0.000000000000000000e+00
0.000000000000000000e+00
0.000000000000000000e+00
0.000000000000000000e+00
0.000000000000000000e+00
3.703703703703703498e-02
1.111111111111111049e-01
2.222222222222222099e-01
4.074074074074073848e-01
4.814814814814815103e-01
6.296296296296296502e-01
5.555555555555555802e-01
8.888888888888888395e-01
1.296296296296296280e+00
2.148148148148147918e+00
3.296296296296296280e+00
4.481481481481481843e+00
5.777777777777777679e+00
7.185185185185185119e+00
8.148148148148148806e+00
9.407407407407406552e+00
1.059259259259259167e+01
1.166666666666666607e+01
1.225925925925925952e+01
1.307407407407407440e+01
1.411111111111111072e+01
1.437037037037037024e+01
1.362962962962962976e+01
1.270370370370370239e+01
1.111111111111111072e+01
9.555555555555555358e+00
7.703703703703704164e+00
5.851851851851852082e+00
3.962962962962963243e+00
2.148148148148147918e+00
1.037037037037036979e+00
4.814814814814815103e-01
2.592592592592592449e-01
1.851851851851852027e-01
1.851851851851852027e-01
2.222222222222222099e-01
2.962962962962962798e-01
2.222222222222222099e-01
2.592592592592592449e-01
1.851851851851852027e-01
1.851851851851852027e-01
1.111111111111111049e-01
7.407407407407406996e-02
7.407407407407406996e-02
0.000000000000000000e+00
0.000000000000000000e+00
1.111111111111111049e-01
2.222222222222222099e-01
1.111111111111111049e-01
3.703703703703703498e-02
3.703703703703703498e-02
