1.923076923076923184e-01
8.012820512820512109e-01
9.935897435897435015e-01
6.410256410256409687e-01
1.025641025641025550e+00
1.442307692307692291e+00
2.019230769230769162e+00
2.307692307692307931e+00
2.435897435897436125e+00
2.179487179487179294e+00
2.243589743589743613e+00
2.019230769230769162e+00
1.955128205128205066e+00
1.666666666666666741e+00
1.442307692307692291e+00
1.185897435897435903e+00
1.185897435897435903e+00
1.121794871794871806e+00
9.615384615384615641e-01
8.974358974358973562e-01
8.333333333333333703e-01
5.769230769230769829e-01
1.602564102564102422e-01
3.205128205128204844e-02
3.205128205128204844e-02
3.205128205128204844e-02
6.410256410256409687e-02
6.410256410256409687e-02
3.205128205128204844e-02
3.205128205128204844e-02
6.410256410256409687e-02
9.615384615384615918e-02
1.923076923076923184e-01
2.564102564102563875e-01
3.205128205128204844e-01
3.846153846153846367e-01
4.166666666666666852e-01
5.448717948717948234e-01
7.051282051282051766e-01
8.333333333333333703e-01
1.153846153846153966e+00
1.602564102564102422e+00
1.794871794871794712e+00
2.083333333333333037e+00
2.179487179487179294e+00
2.467948717948718063e+00
2.564102564102563875e+00
2.532051282051281937e+00
2.371794871794871806e+00
2.115384615384615419e+00
1.923076923076923128e+00
1.762820512820512775e+00
1.634615384615384803e+00
1.378205128205128194e+00
1.121794871794871806e+00
9.935897435897435015e-01
8.653846153846154188e-01
6.410256410256409687e-01
5.128205128205127750e-01
3.205128205128204844e-01
2.884615384615384914e-01
1.602564102564102422e-01
9.615384615384615918e-02
9.615384615384615918e-02
9.615384615384615918e-02
9.615384615384615918e-02
9.615384615384615918e-02
1.282051282051281937e-01
1.602564102564102422e-01
1.602564102564102422e-01
1.923076923076923184e-01
2.564102564102563875e-01
2.564102564102563875e-01
2.243589743589743390e-01
3.205128205128204844e-01
3.846153846153846367e-01
5.128205128205127750e-01
8.333333333333333703e-01
1.250000000000000000e+00
1.698717948717948678e+00
2.243589743589743613e+00
2.307692307692307931e+00
2.339743589743589869e+00
2.147435897435897356e+00
1.923076923076923128e+00
1.826923076923077094e+00
1.730769230769230838e+00
2.019230769230769162e+00
2.275641025641025550e+00
2.115384615384615419e+00
1.923076923076923128e+00
2.147435897435897356e+00
2.083333333333333037e+00
1.923076923076923128e+00
1.891025641025640969e+00
1.666666666666666741e+00
1.506410256410256387e+00
1.282051282051281937e+00
1.153846153846153966e+00
9.294871794871795156e-01
6.730769230769231282e-01
4.807692307692307820e-01
3.525641025641025883e-01
2.243589743589743390e-01
1.602564102564102422e-01
1.282051282051281937e-01
3.205128205128204844e-02
6.410256410256409687e-02
3.205128205128204844e-02
3.205128205128204844e-02
3.205128205128204844e-02
3.205128205128204844e-02
3.205128205128204844e-02
3.205128205128204844e-02
3.205128205128204844e-02
3.205128205128204844e-02
3.205128205128204844e-02
6.410256410256409687e-02
6.410256410256409687e-02
9.615384615384615918e-02
1.282051282051281937e-01
1.602564102564102422e-01
2.884615384615384914e-01
3.205128205128204844e-01
4.807692307692307820e-01
5.769230769230769829e-01
7.692307692307692735e-01
9.935897435897435015e-01
1.250000000000000000e+00
1.602564102564102422e+00
1.762820512820512775e+00
2.115384615384615419e+00
2.371794871794871806e+00
2.596153846153846256e+00
2.628205128205128194e+00
2.532051282051281937e+00
2.532051282051281937e+00
2.179487179487179294e+00
2.115384615384615419e+00
1.762820512820512775e+00
1.666666666666666741e+00
1.410256410256410353e+00
1.250000000000000000e+00
8.974358974358973562e-01
7.371794871794871140e-01
5.448717948717948234e-01
4.807692307692307820e-01
3.205128205128204844e-01
2.884615384615384914e-01
1.602564102564102422e-01
1.282051282051281937e-01
1.282051282051281937e-01
6.410256410256409687e-02
1.282051282051281937e-01
1.282051282051281937e-01
1.282051282051281937e-01
9.615384615384615918e-02
1.282051282051281937e-01
1.282051282051281937e-01
1.602564102564102422e-01
3.205128205128204844e-01
3.205128205128204844e-01
4.166666666666666852e-01
5.128205128205127750e-01
6.410256410256409687e-01
8.012820512820512109e-01
1.025641025641025550e+00
1.121794871794871806e+00
1.282051282051281937e+00
1.217948717948718063e+00
8.333333333333333703e-01
2.564102564102563875e-01
0.000000000000000000e+00
1.923076923076923184e-01
3.205128205128204844e-02
0.000000000000000000e+00
