0.000000000000000000e+00
0.000000000000000000e+00
6.864988558352402848e-01
1.144164759725400327e+00
2.288329519450800653e+00
3.890160183066361466e+00
6.407322654462242362e+00
7.093821510297482646e+00
9.382151029748284188e+00
1.029748283752860516e+01
1.189931350114416553e+01
1.189931350114416553e+01
1.189931350114416553e+01
1.167048054919908395e+01
1.144164759725400593e+01
1.121281464530892436e+01
1.144164759725400593e+01
1.121281464530892436e+01
1.144164759725400593e+01
1.121281464530892436e+01
1.029748283752860516e+01
9.610983981693363987e+00
9.153318077803202613e+00
8.237986270022883417e+00
7.322654462242563334e+00
7.551487414187644021e+00
7.093821510297482646e+00
6.864988558352402848e+00
7.093821510297482646e+00
6.864988558352402848e+00
6.864988558352402848e+00
6.864988558352402848e+00
7.551487414187644021e+00
7.780320366132722931e+00
8.466819221967963216e+00
8.466819221967963216e+00
8.237986270022883417e+00
8.924485125858124590e+00
8.924485125858124590e+00
8.237986270022883417e+00
8.009153318077803618e+00
7.322654462242563334e+00
7.322654462242563334e+00
7.551487414187644021e+00
6.636155606407322161e+00
6.178489702517162563e+00
6.407322654462242362e+00
6.636155606407322161e+00
8.924485125858124590e+00
1.075514874141876476e+01
1.144164759725400593e+01
1.029748283752860516e+01
1.029748283752860516e+01
1.327231121281464432e+01
1.395881006864988549e+01
1.258581235697940670e+01
9.382151029748284188e+00
8.009153318077803618e+00
8.009153318077803618e+00
8.237986270022883417e+00
7.551487414187644021e+00
6.407322654462242362e+00
5.263157894736841591e+00
6.178489702517162563e+00
7.093821510297482646e+00
8.237986270022883417e+00
9.153318077803202613e+00
9.839816933638443786e+00
1.029748283752860516e+01
1.098398169336384456e+01
1.075514874141876476e+01
1.075514874141876476e+01
1.121281464530892436e+01
1.098398169336384456e+01
1.075514874141876476e+01
1.052631578947368318e+01
1.052631578947368318e+01
1.075514874141876476e+01
1.075514874141876476e+01
1.006864988558352358e+01
9.610983981693363987e+00
9.839816933638443786e+00
9.382151029748284188e+00
8.009153318077803618e+00
8.237986270022883417e+00
7.093821510297482646e+00
6.864988558352402848e+00
5.263157894736841591e+00
4.576659038901601306e+00
3.890160183066361466e+00
4.118993135011441709e+00
3.890160183066361466e+00
3.203661327231121181e+00
3.203661327231121181e+00
3.432494279176201424e+00
3.203661327231121181e+00
3.432494279176201424e+00
3.432494279176201424e+00
3.432494279176201424e+00
3.203661327231121181e+00
2.974828375286041382e+00
3.203661327231121181e+00
2.745995423340961139e+00
2.517162471395880896e+00
3.203661327231121181e+00
3.432494279176201424e+00
3.203661327231121181e+00
3.203661327231121181e+00
3.661327231121281667e+00
3.890160183066361466e+00
3.890160183066361466e+00
4.118993135011441709e+00
3.890160183066361466e+00
4.118993135011441709e+00
4.347826086956521507e+00
4.576659038901601306e+00
4.805491990846681993e+00
4.805491990846681993e+00
5.034324942791761792e+00
5.263157894736841591e+00
5.949656750572082764e+00
6.864988558352402848e+00
7.551487414187644021e+00
8.237986270022883417e+00
8.466819221967963216e+00
9.153318077803202613e+00
9.382151029748284188e+00
9.382151029748284188e+00
9.610983981693363987e+00
1.029748283752860516e+01
9.382151029748284188e+00
8.009153318077803618e+00
6.178489702517162563e+00
2.745995423340961139e+00
0.000000000000000000e+00
0.000000000000000000e+00
