0.000000000000000000e+00
2.702702702702702853e-02
3.243243243243242868e-01
1.486486486486486625e+00
4.135135135135135087e+00
6.135135135135135087e+00
7.648648648648648241e+00
8.432432432432431568e+00
9.243243243243243867e+00
9.405405405405405261e+00
9.000000000000000000e+00
8.108108108108108780e+00
7.216216216216215784e+00
6.270270270270270174e+00
5.405405405405405261e+00
4.567567567567567544e+00
4.270270270270270174e+00
4.270270270270270174e+00
4.675675675675675436e+00
5.189189189189188589e+00
5.297297297297297369e+00
4.351351351351350871e+00
3.945945945945946054e+00
3.459459459459459651e+00
2.513513513513513598e+00
1.702702702702702631e+00
7.837837837837837718e-01
3.783783783783783994e-01
2.972972972972973138e-01
1.486486486486486625e+00
3.675675675675675436e+00
5.594594594594594739e+00
7.405405405405406150e+00
7.945945945945945610e+00
9.189189189189189477e+00
1.137837837837837895e+01
1.400000000000000178e+01
1.586486486486486314e+01
1.602702702702702808e+01
1.435135135135135265e+01
1.224324324324324387e+01
1.140540540540540526e+01
1.159459459459459474e+01
8.864864864864864913e+00
5.378378378378378066e+00
4.405405405405405261e+00
7.108108108108107892e+00
8.108108108108108780e+00
5.675675675675676324e+00
3.378378378378378510e+00
6.783783783783784216e+00
7.864864864864864913e+00
4.891891891891892108e+00
6.216216216216216672e+00
8.621621621621621046e+00
1.356756756756756843e+01
1.162162162162162282e+01
1.189189189189189300e+01
1.324324324324324387e+01
1.248648648648648596e+01
1.067567567567567544e+01
8.243243243243243867e+00
7.648648648648648241e+00
8.540540540540540349e+00
1.056756756756756843e+01
1.264864864864864913e+01
1.270270270270270352e+01
1.113513513513513509e+01
9.648648648648649129e+00
7.864864864864864913e+00
6.216216216216216672e+00
5.756756756756757021e+00
5.864864864864864913e+00
6.108108108108107892e+00
6.270270270270270174e+00
6.513513513513514042e+00
6.864864864864865801e+00
7.108108108108107892e+00
7.621621621621621046e+00
7.378378378378378066e+00
6.891891891891892108e+00
6.432432432432431568e+00
6.000000000000000000e+00
5.972972972972972805e+00
5.972972972972972805e+00
6.054054054054054390e+00
6.324324324324324564e+00
6.621621621621621934e+00
6.783783783783784216e+00
6.621621621621621934e+00
6.324324324324324564e+00
6.054054054054054390e+00
5.729729729729729826e+00
5.783783783783783328e+00
5.810810810810811411e+00
5.729729729729729826e+00
5.729729729729729826e+00
6.027027027027027195e+00
6.324324324324324564e+00
6.594594594594595627e+00
6.675675675675675436e+00
6.621621621621621934e+00
6.486486486486486847e+00
6.297297297297296481e+00
6.081081081081081585e+00
6.081081081081081585e+00
5.972972972972972805e+00
5.783783783783783328e+00
5.513513513513513153e+00
5.081081081081081585e+00
4.729729729729729826e+00
4.702702702702702631e+00
5.243243243243242979e+00
6.027027027027027195e+00
6.486486486486486847e+00
6.594594594594595627e+00
6.486486486486486847e+00
6.486486486486486847e+00
6.621621621621621934e+00
6.648648648648649129e+00
6.810810810810810523e+00
6.891891891891892108e+00
7.081081081081080697e+00
7.189189189189189477e+00
7.216216216216215784e+00
7.054054054054054390e+00
6.837837837837837718e+00
6.810810810810810523e+00
6.918918918918919303e+00
7.243243243243242979e+00
7.756756756756757021e+00
8.486486486486485958e+00
9.324324324324324564e+00
1.029729729729729826e+01
1.008108108108108070e+01
8.648648648648649129e+00
7.594594594594594739e+00
7.189189189189189477e+00
7.216216216216215784e+00
7.432432432432432456e+00
7.945945945945945610e+00
8.729729729729729826e+00
9.594594594594594739e+00
9.891891891891892996e+00
9.567567567567566655e+00
9.675675675675675436e+00
9.513513513513514042e+00
9.243243243243243867e+00
8.810810810810810523e+00
8.513513513513514042e+00
8.108108108108108780e+00
7.945945945945945610e+00
8.135135135135135087e+00
8.432432432432431568e+00
8.810810810810810523e+00
9.216216216216215784e+00
9.432432432432431568e+00
9.567567567567566655e+00
9.783783783783784216e+00
1.002702702702702808e+01
1.032432432432432456e+01
1.064864864864864735e+01
1.110810810810810878e+01
1.148648648648648773e+01
1.175675675675675791e+01
1.183783783783783683e+01
1.167567567567567544e+01
1.113513513513513509e+01
1.067567567567567544e+01
1.008108108108108070e+01
9.945945945945945610e+00
9.972972972972971917e+00
1.008108108108108070e+01
1.051351351351351227e+01
1.081081081081081052e+01
1.137837837837837895e+01
1.210810810810810878e+01
1.294594594594594739e+01
1.337837837837837718e+01
1.289189189189189122e+01
1.243243243243243334e+01
1.170270270270270174e+01
1.127027027027027017e+01
1.083783783783783861e+01
1.040540540540540526e+01
1.032432432432432456e+01
1.002702702702702808e+01
9.702702702702701743e+00
9.432432432432431568e+00
9.081081081081080697e+00
8.837837837837838606e+00
8.621621621621621046e+00
8.486486486486485958e+00
8.459459459459459651e+00
8.513513513513514042e+00
8.810810810810810523e+00
9.351351351351350871e+00
1.010810810810810700e+01
1.091891891891891930e+01
1.140540540540540526e+01
1.151351351351351404e+01
1.116216216216216139e+01
1.078378378378378244e+01
1.037837837837837718e+01
1.008108108108108070e+01
9.864864864864864913e+00
1.000000000000000000e+01
1.018918918918918948e+01
1.070270270270270352e+01
1.121621621621621756e+01
1.178378378378378422e+01
1.237837837837837895e+01
1.302702702702702808e+01
1.343243243243243157e+01
1.343243243243243157e+01
1.332432432432432456e+01
1.310810810810810700e+01
1.286486486486486314e+01
1.256756756756756666e+01
1.248648648648648596e+01
1.251351351351351404e+01
1.237837837837837895e+01
1.191891891891891930e+01
1.121621621621621756e+01
1.043243243243243334e+01
1.010810810810810700e+01
1.037837837837837718e+01
1.070270270270270352e+01
1.048648648648648596e+01
9.351351351351350871e+00
7.351351351351350871e+00
5.810810810810811411e+00
4.216216216216215784e+00
3.432432432432432901e+00
2.486486486486486402e+00
