6.190476190476190688e-01
1.809523809523809534e+00
1.309523809523809534e+00
1.261904761904761862e+00
2.619047619047619069e+00
2.142857142857142794e+00
3.761904761904762307e+00
3.809523809523809756e+00
3.023809523809523725e+00
3.642857142857142794e+00
4.214285714285714413e+00
6.071428571428571175e+00
6.476190476190475387e+00
1.135714285714285765e+01
1.669047619047619335e+01
1.152380952380952372e+01
5.976190476190476275e+00
6.190476190476190688e+00
6.857142857142857650e+00
6.976190476190476275e+00
8.452380952380952550e+00
6.952380952380952550e+00
5.571428571428571175e+00
4.571428571428571175e+00
4.952380952380952550e+00
6.404761904761905100e+00
7.333333333333333037e+00
6.952380952380952550e+00
7.285714285714285587e+00
6.095238095238094900e+00
7.000000000000000888e+00
7.142857142857142350e+00
8.500000000000000000e+00
9.857142857142857650e+00
1.026190476190476275e+01
1.102380952380952372e+01
1.116666666666666607e+01
1.107142857142857117e+01
9.809523809523810201e+00
1.130952380952381020e+01
1.445238095238095255e+01
1.302380952380952372e+01
1.071428571428571352e+01
1.192857142857142883e+01
8.190476190476191576e+00
6.333333333333333925e+00
3.023809523809523725e+00
9.523809523809524391e-01
1.404761904761904878e+00
1.595238095238095344e+00
2.380952380952380931e+00
3.595238095238094900e+00
4.023809523809523725e+00
6.738095238095237249e+00
7.642857142857143238e+00
6.928571428571428825e+00
5.952380952380951662e+00
6.619047619047618625e+00
8.500000000000000000e+00
8.642857142857142350e+00
7.476190476190476275e+00
7.476190476190476275e+00
6.642857142857143238e+00
5.523809523809523725e+00
5.666666666666666075e+00
6.333333333333333925e+00
5.952380952380951662e+00
5.928571428571428825e+00
6.000000000000000000e+00
6.761904761904761862e+00
7.809523809523809312e+00
7.428571428571428825e+00
5.833333333333333037e+00
4.785714285714285587e+00
6.142857142857143238e+00
7.928571428571427937e+00
2.666666666666666963e+00
1.380952380952380931e+00
1.166666666666666741e+00
7.857142857142858094e-01
