2.782931354359925447e-01
7.421150278293136004e-01
1.576994434137291456e+00
4.638218923933209226e+00
6.957328385899814727e+00
8.719851576994432918e+00
1.020408163265306101e+01
1.094619666048237505e+01
1.215213358070500860e+01
1.215213358070500860e+01
8.441558441558441928e+00
6.957328385899814727e+00
6.586270871985157704e+00
5.565862708719851781e+00
7.606679035250463627e+00
1.131725417439703207e+01
8.348794063079777672e+00
5.936920222634508804e+00
6.122448979591836427e+00
5.194805194805194759e+00
4.174397031539888836e+00
3.617810760667903303e+00
3.710575139146568002e+00
3.339517625231910980e+00
2.133580705009276546e+00
1.669758812615955490e+00
2.040816326530612290e+00
2.690166975881261635e+00
4.545454545454545858e+00
6.493506493506492561e+00
7.421150278293136004e+00
7.142857142857142350e+00
6.679035250463821960e+00
7.328385899814470861e+00
8.070500927643784905e+00
8.348794063079777672e+00
1.076066790352504654e+01
1.187384044526901761e+01
1.215213358070500860e+01
8.441558441558441928e+00
4.081632653061224580e+00
2.597402597402597380e+00
2.504638218923933124e+00
2.690166975881261635e+00
3.432282003710575236e+00
3.525046382189239047e+00
3.339517625231910980e+00
4.174397031539888836e+00
5.844155844155843660e+00
5.287569573283859015e+00
4.916512059369201992e+00
6.122448979591836427e+00
1.252319109461966562e+01
1.317254174397031541e+01
1.243042671614100136e+01
1.326530612244897966e+01
1.261595547309833165e+01
6.122448979591836427e+00
2.226345083487940357e+00
2.875695732838590146e+00
3.525046382189239047e+00
5.380333951762523270e+00
1.001855287569573250e+01
1.846011131725417442e+01
2.560296846011132033e+01
2.625231910946196834e+01
2.365491651205936918e+01
2.142857142857142705e+01
2.254174397031539812e+01
1.400742115027829371e+01
4.267161410018553092e+00
1.762523191094619524e+00
1.391465677179962945e+00
1.205936920222634434e+00
5.565862708719850893e-01
3.710575139146568002e-01
1.855287569573284001e-01
9.276437847866420006e-02
3.710575139146568002e-01
9.276437847866420006e-02
