2.690288713910760965e+00
2.477034120734908029e+00
2.739501312335957728e+00
2.985564304461942431e+00
2.837926509186351698e+00
3.231627296587926690e+00
4.494750656167979308e+00
4.954068241469816058e+00
5.561023622047243542e+00
5.626640419947507077e+00
5.544619422572178991e+00
6.594488188976377785e+00
7.972440944881889813e+00
1.025262467191600990e+01
1.081036745406824195e+01
1.118766404199475062e+01
1.187664041994750619e+01
1.327099737532808277e+01
1.474737532808399010e+01
1.510826771653543332e+01
1.548556430446194376e+01
1.515748031496063142e+01
1.500984251968504068e+01
1.482939632545931730e+01
1.448490813648294129e+01
1.384514435695538026e+01
1.358267716535433145e+01
1.305774278215223205e+01
1.223753280839894941e+01
1.053149606299212593e+01
9.498031496062992574e+00
8.989501312335958616e+00
8.333333333333332149e+00
7.480314960629922183e+00
6.594488188976377785e+00
6.020341207349081181e+00
5.150918635170603999e+00
4.822834645669290765e+00
4.691601049868766360e+00
4.478346456692912980e+00
4.330708661417323135e+00
4.002624671916010790e+00
3.871391076115485941e+00
3.412073490813648302e+00
3.412073490813648302e+00
3.379265091863516979e+00
3.313648293963254776e+00
3.067585301837270073e+00
2.788713910761154935e+00
2.690288713910760965e+00
2.526246719160105236e+00
2.477034120734908029e+00
2.460629921259842590e+00
2.575459317585301999e+00
2.395013123359580387e+00
2.296587926509186417e+00
1.919291338582677309e+00
1.935695538057742970e+00
1.788057742782152237e+00
1.624015748031495843e+00
1.328740157480315043e+00
1.181102362204724310e+00
1.148293963254593208e+00
1.213910761154855633e+00
1.213910761154855633e+00
1.213910761154855633e+00
1.197506561679790194e+00
1.181102362204724310e+00
1.181102362204724310e+00
1.181102362204724310e+00
1.115485564304461885e+00
1.033464566929134021e+00
9.678477690288714852e-01
9.678477690288714852e-01
9.514435695538057125e-01
1.033464566929134021e+00
1.361548556430446366e+00
1.984908136482939733e+00
2.444225721784777150e+00
2.788713910761154935e+00
3.034776902887139194e+00
2.969160104986876547e+00
2.345800524934383180e+00
1.771653543307086576e+00
1.246719160104986956e+00
9.842519685039370358e-01
7.874015748031495399e-01
7.545931758530183275e-01
6.889763779527559029e-01
6.561679790026246906e-01
7.217847769028871152e-01
7.381889763779527769e-01
6.725721784776902412e-01
8.038057742782153126e-01
9.186351706036745002e-01
9.842519685039370358e-01
1.148293963254593208e+00
1.263123359580052618e+00
1.541994750656167978e+00
