0.000000000000000000e+00
0.000000000000000000e+00
0.000000000000000000e+00
0.000000000000000000e+00
0.000000000000000000e+00
2.083333333333333426e-01
6.250000000000000000e-01
8.333333333333333703e-01
8.333333333333333703e-01
6.250000000000000000e-01
6.250000000000000000e-01
8.333333333333333703e-01
1.041666666666666519e+00
8.333333333333333703e-01
8.333333333333333703e-01
8.333333333333333703e-01
8.333333333333333703e-01
6.250000000000000000e-01
8.333333333333333703e-01
6.250000000000000000e-01
8.333333333333333703e-01
8.333333333333333703e-01
4.166666666666666852e-01
4.166666666666666852e-01
4.166666666666666852e-01
4.166666666666666852e-01
4.166666666666666852e-01
4.166666666666666852e-01
6.250000000000000000e-01
8.333333333333333703e-01
6.250000000000000000e-01
4.166666666666666852e-01
4.166666666666666852e-01
6.250000000000000000e-01
6.250000000000000000e-01
6.250000000000000000e-01
6.250000000000000000e-01
6.250000000000000000e-01
8.333333333333333703e-01
1.041666666666666519e+00
1.250000000000000000e+00
1.041666666666666519e+00
1.041666666666666519e+00
1.041666666666666519e+00
1.041666666666666519e+00
1.250000000000000000e+00
1.250000000000000000e+00
1.250000000000000000e+00
1.666666666666666741e+00
1.666666666666666741e+00
1.666666666666666741e+00
1.666666666666666741e+00
1.875000000000000000e+00
1.875000000000000000e+00
1.875000000000000000e+00
1.875000000000000000e+00
1.875000000000000000e+00
1.875000000000000000e+00
2.083333333333333037e+00
2.083333333333333037e+00
1.875000000000000000e+00
1.875000000000000000e+00
1.666666666666666741e+00
1.666666666666666741e+00
1.666666666666666741e+00
1.666666666666666741e+00
1.666666666666666741e+00
1.666666666666666741e+00
1.458333333333333259e+00
1.250000000000000000e+00
1.250000000000000000e+00
1.250000000000000000e+00
1.041666666666666519e+00
8.333333333333333703e-01
6.250000000000000000e-01
4.166666666666666852e-01
2.083333333333333426e-01
0.000000000000000000e+00
2.083333333333333426e-01
2.083333333333333426e-01
2.083333333333333426e-01
2.083333333333333426e-01
2.083333333333333426e-01
2.083333333333333426e-01
2.083333333333333426e-01
4.166666666666666852e-01
4.166666666666666852e-01
2.083333333333333426e-01
4.166666666666666852e-01
4.166666666666666852e-01
6.250000000000000000e-01
4.166666666666666852e-01
2.083333333333333426e-01
2.083333333333333426e-01
2.083333333333333426e-01
2.083333333333333426e-01
2.083333333333333426e-01
2.083333333333333426e-01
0.000000000000000000e+00
0.000000000000000000e+00
0.000000000000000000e+00
2.083333333333333426e-01
2.083333333333333426e-01
2.083333333333333426e-01
4.166666666666666852e-01
4.166666666666666852e-01
4.166666666666666852e-01
4.166666666666666852e-01
4.166666666666666852e-01
4.166666666666666852e-01
4.166666666666666852e-01
2.083333333333333426e-01
0.000000000000000000e+00
0.000000000000000000e+00
0.000000000000000000e+00
0.000000000000000000e+00
0.000000000000000000e+00
0.000000000000000000e+00
0.000000000000000000e+00
0.000000000000000000e+00
0.000000000000000000e+00
0.000000000000000000e+00
0.000000000000000000e+00
0.000000000000000000e+00
0.000000000000000000e+00
0.000000000000000000e+00
0.000000000000000000e+00
0.000000000000000000e+00
0.000000000000000000e+00
0.000000000000000000e+00
0.000000000000000000e+00
0.000000000000000000e+00
0.000000000000000000e+00
0.000000000000000000e+00
0.000000000000000000e+00
0.000000000000000000e+00
0.000000000000000000e+00
0.000000000000000000e+00
0.000000000000000000e+00
0.000000000000000000e+00
0.000000000000000000e+00
0.000000000000000000e+00
0.000000000000000000e+00
0.000000000000000000e+00
0.000000000000000000e+00
0.000000000000000000e+00
0.000000000000000000e+00
2.083333333333333426e-01
4.166666666666666852e-01
4.166666666666666852e-01
4.166666666666666852e-01
4.166666666666666852e-01
8.333333333333333703e-01
1.041666666666666519e+00
1.041666666666666519e+00
8.333333333333333703e-01
1.041666666666666519e+00
1.250000000000000000e+00
1.250000000000000000e+00
1.250000000000000000e+00
1.875000000000000000e+00
2.083333333333333037e+00
2.083333333333333037e+00
2.500000000000000000e+00
2.916666666666666519e+00
2.916666666666666519e+00
3.541666666666666519e+00
4.166666666666666075e+00
4.375000000000000000e+00
4.791666666666666963e+00
5.416666666666666963e+00
5.833333333333333037e+00
6.041666666666666963e+00
6.458333333333333925e+00
6.875000000000000888e+00
7.291666666666666963e+00
8.125000000000000000e+00
8.541666666666666075e+00
8.750000000000000000e+00
9.166666666666666075e+00
8.958333333333333925e+00
8.958333333333333925e+00
9.375000000000000000e+00
9.791666666666666075e+00
1.041666666666666785e+01
1.062500000000000000e+01
1.062500000000000000e+01
1.104166666666666607e+01
1.125000000000000000e+01
1.145833333333333215e+01
1.145833333333333215e+01
1.125000000000000000e+01
1.104166666666666607e+01
1.125000000000000000e+01
1.125000000000000000e+01
1.145833333333333215e+01
1.104166666666666607e+01
1.104166666666666607e+01
1.104166666666666607e+01
1.083333333333333393e+01
1.083333333333333393e+01
1.083333333333333393e+01
1.041666666666666785e+01
1.000000000000000000e+01
1.000000000000000000e+01
1.000000000000000000e+01
9.583333333333333925e+00
9.583333333333333925e+00
9.166666666666666075e+00
8.750000000000000000e+00
8.958333333333333925e+00
8.541666666666666075e+00
8.541666666666666075e+00
8.125000000000000000e+00
8.125000000000000000e+00
8.333333333333332149e+00
7.916666666666666075e+00
7.708333333333333925e+00
7.291666666666666963e+00
6.875000000000000888e+00
6.250000000000000000e+00
6.041666666666666963e+00
6.041666666666666963e+00
6.041666666666666963e+00
6.041666666666666963e+00
6.041666666666666963e+00
6.250000000000000000e+00
6.250000000000000000e+00
6.458333333333333925e+00
6.666666666666666963e+00
6.666666666666666963e+00
6.458333333333333925e+00
6.458333333333333925e+00
6.250000000000000000e+00
6.041666666666666963e+00
5.833333333333333037e+00
5.833333333333333037e+00
5.625000000000000000e+00
5.625000000000000000e+00
5.416666666666666963e+00
5.625000000000000000e+00
5.416666666666666963e+00
5.208333333333333925e+00
5.208333333333333925e+00
5.416666666666666963e+00
5.416666666666666963e+00
5.416666666666666963e+00
5.208333333333333925e+00
5.208333333333333925e+00
5.208333333333333925e+00
5.208333333333333925e+00
5.000000000000000000e+00
5.208333333333333925e+00
5.000000000000000000e+00
5.000000000000000000e+00
5.000000000000000000e+00
5.000000000000000000e+00
5.000000000000000000e+00
5.416666666666666963e+00
5.416666666666666963e+00
5.625000000000000000e+00
5.416666666666666963e+00
5.000000000000000000e+00
4.583333333333333037e+00
4.583333333333333037e+00
4.583333333333333037e+00
5.000000000000000000e+00
5.000000000000000000e+00
5.000000000000000000e+00
4.791666666666666963e+00
5.000000000000000000e+00
5.000000000000000000e+00
4.583333333333333037e+00
4.583333333333333037e+00
4.583333333333333037e+00
4.375000000000000000e+00
4.375000000000000000e+00
4.375000000000000000e+00
4.375000000000000000e+00
4.166666666666666075e+00
4.166666666666666075e+00
3.958333333333333037e+00
3.750000000000000000e+00
3.333333333333333481e+00
3.541666666666666519e+00
3.541666666666666519e+00
3.333333333333333481e+00
3.333333333333333481e+00
3.333333333333333481e+00
3.333333333333333481e+00
2.500000000000000000e+00
2.500000000000000000e+00
2.291666666666666519e+00
2.083333333333333037e+00
1.875000000000000000e+00
1.875000000000000000e+00
1.875000000000000000e+00
1.458333333333333259e+00
1.458333333333333259e+00
1.250000000000000000e+00
1.250000000000000000e+00
1.041666666666666519e+00
8.333333333333333703e-01
6.250000000000000000e-01
6.250000000000000000e-01
6.250000000000000000e-01
6.250000000000000000e-01
6.250000000000000000e-01
8.333333333333333703e-01
8.333333333333333703e-01
1.041666666666666519e+00
1.041666666666666519e+00
1.041666666666666519e+00
1.041666666666666519e+00
8.333333333333333703e-01
8.333333333333333703e-01
8.333333333333333703e-01
8.333333333333333703e-01
8.333333333333333703e-01
8.333333333333333703e-01
6.250000000000000000e-01
8.333333333333333703e-01
1.041666666666666519e+00
1.666666666666666741e+00
1.666666666666666741e+00
1.458333333333333259e+00
1.666666666666666741e+00
2.083333333333333037e+00
1.875000000000000000e+00
1.250000000000000000e+00
1.250000000000000000e+00
1.250000000000000000e+00
1.875000000000000000e+00
1.666666666666666741e+00
1.666666666666666741e+00
1.250000000000000000e+00
1.250000000000000000e+00
1.250000000000000000e+00
1.666666666666666741e+00
1.666666666666666741e+00
1.666666666666666741e+00
1.666666666666666741e+00
2.083333333333333037e+00
2.083333333333333037e+00
2.083333333333333037e+00
2.291666666666666519e+00
2.291666666666666519e+00
2.291666666666666519e+00
2.291666666666666519e+00
2.291666666666666519e+00
2.291666666666666519e+00
2.291666666666666519e+00
2.500000000000000000e+00
2.291666666666666519e+00
2.291666666666666519e+00
2.291666666666666519e+00
2.083333333333333037e+00
2.083333333333333037e+00
2.083333333333333037e+00
2.083333333333333037e+00
2.083333333333333037e+00
1.666666666666666741e+00
1.666666666666666741e+00
1.666666666666666741e+00
1.250000000000000000e+00
1.041666666666666519e+00
1.041666666666666519e+00
1.041666666666666519e+00
8.333333333333333703e-01
8.333333333333333703e-01
6.250000000000000000e-01
4.166666666666666852e-01
4.166666666666666852e-01
4.166666666666666852e-01
4.166666666666666852e-01
4.166666666666666852e-01
4.166666666666666852e-01
4.166666666666666852e-01
2.083333333333333426e-01
2.083333333333333426e-01
2.083333333333333426e-01
0.000000000000000000e+00
0.000000000000000000e+00
0.000000000000000000e+00
0.000000000000000000e+00
0.000000000000000000e+00
0.000000000000000000e+00
0.000000000000000000e+00
0.000000000000000000e+00
0.000000000000000000e+00
0.000000000000000000e+00
0.000000000000000000e+00
0.000000000000000000e+00
0.000000000000000000e+00
0.000000000000000000e+00
0.000000000000000000e+00
0.000000000000000000e+00
0.000000000000000000e+00
0.000000000000000000e+00
0.000000000000000000e+00
0.000000000000000000e+00
0.000000000000000000e+00
2.083333333333333426e-01
2.083333333333333426e-01
2.083333333333333426e-01
0.000000000000000000e+00
0.000000000000000000e+00
0.000000000000000000e+00
0.000000000000000000e+00
0.000000000000000000e+00
0.000000000000000000e+00
0.000000000000000000e+00
0.000000000000000000e+00
0.000000000000000000e+00
0.000000000000000000e+00
2.083333333333333426e-01
4.166666666666666852e-01
4.166666666666666852e-01
4.166666666666666852e-01
6.250000000000000000e-01
6.250000000000000000e-01
8.333333333333333703e-01
6.250000000000000000e-01
6.250000000000000000e-01
6.250000000000000000e-01
6.250000000000000000e-01
6.250000000000000000e-01
8.333333333333333703e-01
6.250000000000000000e-01
6.250000000000000000e-01
8.333333333333333703e-01
8.333333333333333703e-01
1.041666666666666519e+00
1.250000000000000000e+00
1.458333333333333259e+00
1.666666666666666741e+00
1.875000000000000000e+00
1.875000000000000000e+00
1.666666666666666741e+00
1.666666666666666741e+00
1.875000000000000000e+00
2.083333333333333037e+00
2.083333333333333037e+00
1.666666666666666741e+00
1.666666666666666741e+00
1.666666666666666741e+00
1.458333333333333259e+00
1.458333333333333259e+00
1.458333333333333259e+00
1.041666666666666519e+00
1.041666666666666519e+00
1.041666666666666519e+00
1.250000000000000000e+00
1.250000000000000000e+00
1.041666666666666519e+00
8.333333333333333703e-01
1.041666666666666519e+00
1.250000000000000000e+00
1.458333333333333259e+00
1.666666666666666741e+00
1.666666666666666741e+00
1.458333333333333259e+00
1.666666666666666741e+00
1.666666666666666741e+00
1.875000000000000000e+00
2.500000000000000000e+00
2.708333333333333481e+00
2.708333333333333481e+00
2.916666666666666519e+00
3.333333333333333481e+00
3.333333333333333481e+00
3.541666666666666519e+00
3.750000000000000000e+00
3.958333333333333037e+00
3.750000000000000000e+00
3.750000000000000000e+00
3.750000000000000000e+00
3.958333333333333037e+00
4.375000000000000000e+00
4.166666666666666075e+00
4.375000000000000000e+00
4.583333333333333037e+00
5.000000000000000000e+00
5.000000000000000000e+00
5.208333333333333925e+00
5.208333333333333925e+00
5.416666666666666963e+00
5.833333333333333037e+00
5.625000000000000000e+00
6.041666666666666963e+00
6.041666666666666963e+00
6.250000000000000000e+00
6.041666666666666963e+00
5.833333333333333037e+00
5.625000000000000000e+00
5.625000000000000000e+00
5.416666666666666963e+00
5.208333333333333925e+00
5.000000000000000000e+00
5.416666666666666963e+00
5.416666666666666963e+00
5.208333333333333925e+00
5.000000000000000000e+00
5.208333333333333925e+00
5.000000000000000000e+00
5.000000000000000000e+00
4.791666666666666963e+00
5.000000000000000000e+00
5.208333333333333925e+00
5.416666666666666963e+00
5.208333333333333925e+00
4.791666666666666963e+00
4.375000000000000000e+00
4.375000000000000000e+00
4.375000000000000000e+00
4.375000000000000000e+00
4.375000000000000000e+00
4.375000000000000000e+00
4.375000000000000000e+00
4.375000000000000000e+00
4.375000000000000000e+00
4.375000000000000000e+00
4.166666666666666075e+00
3.958333333333333037e+00
3.958333333333333037e+00
4.166666666666666075e+00
4.166666666666666075e+00
3.958333333333333037e+00
3.958333333333333037e+00
3.750000000000000000e+00
3.750000000000000000e+00
3.541666666666666519e+00
3.541666666666666519e+00
3.541666666666666519e+00
3.541666666666666519e+00
4.166666666666666075e+00
4.166666666666666075e+00
3.958333333333333037e+00
3.958333333333333037e+00
3.958333333333333037e+00
4.166666666666666075e+00
4.166666666666666075e+00
4.375000000000000000e+00
4.791666666666666963e+00
4.583333333333333037e+00
4.791666666666666963e+00
5.000000000000000000e+00
5.416666666666666963e+00
5.625000000000000000e+00
5.625000000000000000e+00
5.833333333333333037e+00
5.833333333333333037e+00
6.041666666666666963e+00
6.041666666666666963e+00
6.041666666666666963e+00
6.041666666666666963e+00
6.041666666666666963e+00
5.416666666666666963e+00
5.000000000000000000e+00
4.166666666666666075e+00
3.541666666666666519e+00
3.541666666666666519e+00
3.541666666666666519e+00
2.500000000000000000e+00
1.875000000000000000e+00
1.666666666666666741e+00
2.291666666666666519e+00
2.708333333333333481e+00
2.708333333333333481e+00
2.291666666666666519e+00
8.333333333333333703e-01
0.000000000000000000e+00
0.000000000000000000e+00
0.000000000000000000e+00
0.000000000000000000e+00
0.000000000000000000e+00
0.000000000000000000e+00
