1.300000000000000000e+01,2.770000000000000000e+02,-5.042625000000000135e+00
1.300000000000000000e+01,2.780000000000000000e+02,-5.042625000000000135e+00
1.300000000000000000e+01,2.790000000000000000e+02,-5.042625000000000135e+00
1.300000000000000000e+01,2.800000000000000000e+02,-5.042625000000000135e+00
1.300000000000000000e+01,2.810000000000000000e+02,-5.042625000000000135e+00
1.300000000000000000e+01,2.820000000000000000e+02,-5.042625000000000135e+00
1.300000000000000000e+01,2.830000000000000000e+02,-5.042625000000000135e+00
1.300000000000000000e+01,2.840000000000000000e+02,-5.042625000000000135e+00
1.300000000000000000e+01,2.850000000000000000e+02,-5.042625000000000135e+00
1.300000000000000000e+01,2.880000000000000000e+02,-5.042625000000000135e+00
1.300000000000000000e+01,2.890000000000000000e+02,-5.042625000000000135e+00
1.300000000000000000e+01,2.770000000000000000e+02,-4.042625000000000135e+00
1.300000000000000000e+01,2.780000000000000000e+02,-4.042625000000000135e+00
1.300000000000000000e+01,2.790000000000000000e+02,-4.042625000000000135e+00
1.300000000000000000e+01,2.800000000000000000e+02,-4.042625000000000135e+00
1.300000000000000000e+01,2.810000000000000000e+02,-4.042625000000000135e+00
1.300000000000000000e+01,2.820000000000000000e+02,-4.042625000000000135e+00
1.300000000000000000e+01,2.830000000000000000e+02,-4.042625000000000135e+00
1.300000000000000000e+01,2.840000000000000000e+02,-4.042625000000000135e+00
1.300000000000000000e+01,2.850000000000000000e+02,-4.042625000000000135e+00
1.300000000000000000e+01,2.860000000000000000e+02,-4.042625000000000135e+00
1.300000000000000000e+01,2.870000000000000000e+02,-4.042625000000000135e+00
1.300000000000000000e+01,2.880000000000000000e+02,-4.042625000000000135e+00
1.300000000000000000e+01,2.890000000000000000e+02,-4.042625000000000135e+00
1.300000000000000000e+01,2.900000000000000000e+02,-4.042625000000000135e+00
1.300000000000000000e+01,2.770000000000000000e+02,-3.042625000000000135e+00
1.300000000000000000e+01,2.780000000000000000e+02,-3.042625000000000135e+00
1.300000000000000000e+01,2.790000000000000000e+02,-3.042625000000000135e+00
1.300000000000000000e+01,2.800000000000000000e+02,-3.042625000000000135e+00
1.700000000000000000e+01,2.800000000000000000e+02,-3.042625000000000135e+00
1.300000000000000000e+01,2.810000000000000000e+02,-3.042625000000000135e+00
1.700000000000000000e+01,2.810000000000000000e+02,-3.042625000000000135e+00
1.300000000000000000e+01,2.820000000000000000e+02,-3.042625000000000135e+00
1.300000000000000000e+01,2.830000000000000000e+02,-3.042625000000000135e+00
1.300000000000000000e+01,2.840000000000000000e+02,-3.042625000000000135e+00
1.300000000000000000e+01,2.850000000000000000e+02,-3.042625000000000135e+00
1.300000000000000000e+01,2.860000000000000000e+02,-3.042625000000000135e+00
1.300000000000000000e+01,2.870000000000000000e+02,-3.042625000000000135e+00
1.300000000000000000e+01,2.880000000000000000e+02,-3.042625000000000135e+00
1.300000000000000000e+01,2.890000000000000000e+02,-3.042625000000000135e+00
1.300000000000000000e+01,2.900000000000000000e+02,-3.042625000000000135e+00
1.300000000000000000e+01,2.780000000000000000e+02,-2.042625000000000135e+00
1.300000000000000000e+01,2.790000000000000000e+02,-2.042625000000000135e+00
1.700000000000000000e+01,2.790000000000000000e+02,-2.042625000000000135e+00
1.300000000000000000e+01,2.800000000000000000e+02,-2.042625000000000135e+00
1.700000000000000000e+01,2.800000000000000000e+02,-2.042625000000000135e+00
1.300000000000000000e+01,2.810000000000000000e+02,-2.042625000000000135e+00
1.700000000000000000e+01,2.810000000000000000e+02,-2.042625000000000135e+00
1.300000000000000000e+01,2.820000000000000000e+02,-2.042625000000000135e+00
1.300000000000000000e+01,2.830000000000000000e+02,-2.042625000000000135e+00
1.300000000000000000e+01,2.840000000000000000e+02,-2.042625000000000135e+00
1.300000000000000000e+01,2.850000000000000000e+02,-2.042625000000000135e+00
1.300000000000000000e+01,2.860000000000000000e+02,-2.042625000000000135e+00
1.300000000000000000e+01,2.870000000000000000e+02,-2.042625000000000135e+00
1.300000000000000000e+01,2.880000000000000000e+02,-2.042625000000000135e+00
1.300000000000000000e+01,2.890000000000000000e+02,-2.042625000000000135e+00
1.300000000000000000e+01,2.900000000000000000e+02,-2.042625000000000135e+00
1.300000000000000000e+01,2.780000000000000000e+02,-1.042625000000000135e+00
1.300000000000000000e+01,2.790000000000000000e+02,-1.042625000000000135e+00
1.700000000000000000e+01,2.790000000000000000e+02,-1.042625000000000135e+00
1.300000000000000000e+01,2.800000000000000000e+02,-1.042625000000000135e+00
1.700000000000000000e+01,2.800000000000000000e+02,-1.042625000000000135e+00
1.300000000000000000e+01,2.810000000000000000e+02,-1.042625000000000135e+00
1.700000000000000000e+01,2.810000000000000000e+02,-1.042625000000000135e+00
1.300000000000000000e+01,2.820000000000000000e+02,-1.042625000000000135e+00
1.700000000000000000e+01,2.820000000000000000e+02,-1.042625000000000135e+00
1.300000000000000000e+01,2.830000000000000000e+02,-1.042625000000000135e+00
1.300000000000000000e+01,2.840000000000000000e+02,-1.042625000000000135e+00
1.300000000000000000e+01,2.850000000000000000e+02,-1.042625000000000135e+00
1.300000000000000000e+01,2.860000000000000000e+02,-1.042625000000000135e+00
1.300000000000000000e+01,2.870000000000000000e+02,-1.042625000000000135e+00
1.300000000000000000e+01,2.880000000000000000e+02,-1.042625000000000135e+00
1.300000000000000000e+01,2.890000000000000000e+02,-1.042625000000000135e+00
1.300000000000000000e+01,2.780000000000000000e+02,-4.262500000000013500e-02
2.800000000000000000e+01,2.780000000000000000e+02,-4.262500000000013500e-02
1.300000000000000000e+01,2.790000000000000000e+02,-4.262500000000013500e-02
2.800000000000000000e+01,2.790000000000000000e+02,-4.262500000000013500e-02
1.300000000000000000e+01,2.800000000000000000e+02,-4.262500000000013500e-02
1.700000000000000000e+01,2.800000000000000000e+02,-4.262500000000013500e-02
2.800000000000000000e+01,2.800000000000000000e+02,-4.262500000000013500e-02
1.300000000000000000e+01,2.810000000000000000e+02,-4.262500000000013500e-02
1.700000000000000000e+01,2.810000000000000000e+02,-4.262500000000013500e-02
2.800000000000000000e+01,2.810000000000000000e+02,-4.262500000000013500e-02
1.300000000000000000e+01,2.820000000000000000e+02,-4.262500000000013500e-02
1.700000000000000000e+01,2.820000000000000000e+02,-4.262500000000013500e-02
2.800000000000000000e+01,2.820000000000000000e+02,-4.262500000000013500e-02
1.300000000000000000e+01,2.830000000000000000e+02,-4.262500000000013500e-02
1.700000000000000000e+01,2.830000000000000000e+02,-4.262500000000013500e-02
2.800000000000000000e+01,2.830000000000000000e+02,-4.262500000000013500e-02
1.300000000000000000e+01,2.840000000000000000e+02,-4.262500000000013500e-02
1.300000000000000000e+01,2.850000000000000000e+02,-4.262500000000013500e-02
1.300000000000000000e+01,2.860000000000000000e+02,-4.262500000000013500e-02
1.300000000000000000e+01,2.870000000000000000e+02,-4.262500000000013500e-02
1.300000000000000000e+01,2.880000000000000000e+02,-4.262500000000013500e-02
1.300000000000000000e+01,2.890000000000000000e+02,-4.262500000000013500e-02
2.800000000000000000e+01,2.810000000000000000e+02,9.573749999999998650e-01
2.800000000000000000e+01,2.820000000000000000e+02,9.573749999999998650e-01
2.800000000000000000e+01,2.830000000000000000e+02,9.573749999999998650e-01
2.800000000000000000e+01,2.840000000000000000e+02,9.573749999999998650e-01
2.800000000000000000e+01,2.850000000000000000e+02,9.573749999999998650e-01
1.300000000000000000e+01,2.830000000000000000e+02,1.957374999999999865e+00
2.800000000000000000e+01,2.830000000000000000e+02,1.957374999999999865e+00
1.300000000000000000e+01,2.840000000000000000e+02,1.957374999999999865e+00
2.800000000000000000e+01,2.840000000000000000e+02,1.957374999999999865e+00
1.300000000000000000e+01,2.850000000000000000e+02,1.957374999999999865e+00
1.700000000000000000e+01,2.850000000000000000e+02,1.957374999999999865e+00
1.300000000000000000e+01,2.860000000000000000e+02,1.957374999999999865e+00
1.700000000000000000e+01,2.860000000000000000e+02,1.957374999999999865e+00
1.300000000000000000e+01,2.870000000000000000e+02,1.957374999999999865e+00
1.300000000000000000e+01,2.820000000000000000e+02,2.957374999999999865e+00
1.300000000000000000e+01,2.830000000000000000e+02,2.957374999999999865e+00
2.800000000000000000e+01,2.830000000000000000e+02,2.957374999999999865e+00
1.300000000000000000e+01,2.840000000000000000e+02,2.957374999999999865e+00
1.700000000000000000e+01,2.840000000000000000e+02,2.957374999999999865e+00
2.800000000000000000e+01,2.840000000000000000e+02,2.957374999999999865e+00
1.300000000000000000e+01,2.850000000000000000e+02,2.957374999999999865e+00
1.700000000000000000e+01,2.850000000000000000e+02,2.957374999999999865e+00
2.800000000000000000e+01,2.850000000000000000e+02,2.957374999999999865e+00
1.300000000000000000e+01,2.860000000000000000e+02,2.957374999999999865e+00
1.700000000000000000e+01,2.860000000000000000e+02,2.957374999999999865e+00
2.800000000000000000e+01,2.860000000000000000e+02,2.957374999999999865e+00
1.300000000000000000e+01,2.870000000000000000e+02,2.957374999999999865e+00
1.700000000000000000e+01,2.870000000000000000e+02,2.957374999999999865e+00
2.800000000000000000e+01,2.870000000000000000e+02,2.957374999999999865e+00
1.300000000000000000e+01,2.880000000000000000e+02,2.957374999999999865e+00
1.300000000000000000e+01,2.820000000000000000e+02,3.957374999999999865e+00
1.300000000000000000e+01,2.830000000000000000e+02,3.957374999999999865e+00
1.300000000000000000e+01,2.840000000000000000e+02,3.957374999999999865e+00
1.300000000000000000e+01,2.850000000000000000e+02,3.957374999999999865e+00
1.700000000000000000e+01,2.850000000000000000e+02,3.957374999999999865e+00
1.300000000000000000e+01,2.860000000000000000e+02,3.957374999999999865e+00
1.700000000000000000e+01,2.860000000000000000e+02,3.957374999999999865e+00
1.300000000000000000e+01,2.870000000000000000e+02,3.957374999999999865e+00
1.300000000000000000e+01,2.880000000000000000e+02,3.957374999999999865e+00
1.300000000000000000e+01,2.810000000000000000e+02,4.957374999999999865e+00
1.300000000000000000e+01,2.820000000000000000e+02,4.957374999999999865e+00
1.300000000000000000e+01,2.830000000000000000e+02,4.957374999999999865e+00
1.300000000000000000e+01,2.840000000000000000e+02,4.957374999999999865e+00
1.300000000000000000e+01,2.850000000000000000e+02,4.957374999999999865e+00
1.700000000000000000e+01,2.850000000000000000e+02,4.957374999999999865e+00
1.300000000000000000e+01,2.860000000000000000e+02,4.957374999999999865e+00
1.700000000000000000e+01,2.860000000000000000e+02,4.957374999999999865e+00
1.300000000000000000e+01,2.870000000000000000e+02,4.957374999999999865e+00
1.300000000000000000e+01,2.880000000000000000e+02,4.957374999999999865e+00
1.300000000000000000e+01,2.890000000000000000e+02,4.957374999999999865e+00
1.300000000000000000e+01,2.800000000000000000e+02,5.473125000000000462e+00
1.300000000000000000e+01,2.810000000000000000e+02,5.473125000000000462e+00
1.300000000000000000e+01,2.820000000000000000e+02,5.473125000000000462e+00
1.300000000000000000e+01,2.830000000000000000e+02,5.473125000000000462e+00
1.300000000000000000e+01,2.840000000000000000e+02,5.473125000000000462e+00
1.300000000000000000e+01,2.850000000000000000e+02,5.473125000000000462e+00
1.700000000000000000e+01,2.850000000000000000e+02,5.473125000000000462e+00
1.300000000000000000e+01,2.860000000000000000e+02,5.473125000000000462e+00
1.700000000000000000e+01,2.860000000000000000e+02,5.473125000000000462e+00
1.300000000000000000e+01,2.870000000000000000e+02,5.473125000000000462e+00
1.300000000000000000e+01,2.880000000000000000e+02,5.473125000000000462e+00
1.300000000000000000e+01,2.890000000000000000e+02,5.473125000000000462e+00
