2.000000000000000000e+00,2.700000000000000000e+01,-3.707275000000000098e+00
2.000000000000000000e+00,2.900000000000000000e+01,-3.707275000000000098e+00
2.000000000000000000e+00,3.000000000000000000e+01,-3.707275000000000098e+00
2.000000000000000000e+00,3.200000000000000000e+01,-3.707275000000000098e+00
2.000000000000000000e+00,4.400000000000000000e+01,-3.707275000000000098e+00
0.000000000000000000e+00,6.200000000000000000e+01,-3.707275000000000098e+00
0.000000000000000000e+00,6.100000000000000000e+01,4.292724999999999902e+00
0.000000000000000000e+00,2.400000000000000000e+01,4.634974999999999845e+00
2.000000000000000000e+00,2.400000000000000000e+01,4.634974999999999845e+00
2.000000000000000000e+00,2.800000000000000000e+01,4.634974999999999845e+00
2.000000000000000000e+00,2.900000000000000000e+01,4.634974999999999845e+00
2.000000000000000000e+00,3.100000000000000000e+01,4.634974999999999845e+00
1.200000000000000000e+01,3.100000000000000000e+01,4.634974999999999845e+00
0.000000000000000000e+00,3.500000000000000000e+01,4.634974999999999845e+00
2.000000000000000000e+00,4.300000000000000000e+01,4.634974999999999845e+00
0.000000000000000000e+00,4.800000000000000000e+01,4.634974999999999845e+00
2.000000000000000000e+00,4.900000000000000000e+01,4.634974999999999845e+00
0.000000000000000000e+00,5.800000000000000000e+01,4.634974999999999845e+00
0.000000000000000000e+00,6.100000000000000000e+01,4.634974999999999845e+00
0.000000000000000000e+00,6.300000000000000000e+01,4.634974999999999845e+00
9.000000000000000000e+00,8.000000000000000000e+01,4.634974999999999845e+00
