1.600000000000000000e+01,1.260000000000000000e+02,-3.265575000000000117e+00
1.600000000000000000e+01,1.270000000000000000e+02,-3.265575000000000117e+00
1.600000000000000000e+01,1.280000000000000000e+02,-3.265575000000000117e+00
1.600000000000000000e+01,1.290000000000000000e+02,-3.265575000000000117e+00
1.600000000000000000e+01,1.300000000000000000e+02,-3.265575000000000117e+00
1.600000000000000000e+01,1.310000000000000000e+02,-3.265575000000000117e+00
1.600000000000000000e+01,1.320000000000000000e+02,-3.265575000000000117e+00
9.000000000000000000e+00,1.390000000000000000e+02,-3.265575000000000117e+00
9.000000000000000000e+00,1.400000000000000000e+02,-3.265575000000000117e+00
9.000000000000000000e+00,1.410000000000000000e+02,-3.265575000000000117e+00
9.000000000000000000e+00,1.420000000000000000e+02,-3.265575000000000117e+00
2.000000000000000000e+00,1.430000000000000000e+02,-3.265575000000000117e+00
9.000000000000000000e+00,1.430000000000000000e+02,-3.265575000000000117e+00
2.000000000000000000e+00,1.440000000000000000e+02,-3.265575000000000117e+00
9.000000000000000000e+00,1.440000000000000000e+02,-3.265575000000000117e+00
2.000000000000000000e+00,1.450000000000000000e+02,-3.265575000000000117e+00
2.000000000000000000e+00,1.460000000000000000e+02,-3.265575000000000117e+00
2.000000000000000000e+00,1.470000000000000000e+02,-3.265575000000000117e+00
2.000000000000000000e+00,1.480000000000000000e+02,-3.265575000000000117e+00
2.000000000000000000e+00,1.490000000000000000e+02,-3.265575000000000117e+00
3.400000000000000000e+01,1.490000000000000000e+02,-3.265575000000000117e+00
2.000000000000000000e+00,1.500000000000000000e+02,-3.265575000000000117e+00
1.400000000000000000e+01,1.500000000000000000e+02,-3.265575000000000117e+00
3.400000000000000000e+01,1.500000000000000000e+02,-3.265575000000000117e+00
4.500000000000000000e+01,1.500000000000000000e+02,-3.265575000000000117e+00
2.000000000000000000e+00,1.510000000000000000e+02,-3.265575000000000117e+00
1.400000000000000000e+01,1.510000000000000000e+02,-3.265575000000000117e+00
1.900000000000000000e+01,1.510000000000000000e+02,-3.265575000000000117e+00
3.400000000000000000e+01,1.510000000000000000e+02,-3.265575000000000117e+00
4.500000000000000000e+01,1.510000000000000000e+02,-3.265575000000000117e+00
1.400000000000000000e+01,1.520000000000000000e+02,-3.265575000000000117e+00
1.900000000000000000e+01,1.520000000000000000e+02,-3.265575000000000117e+00
2.800000000000000000e+01,1.520000000000000000e+02,-3.265575000000000117e+00
3.400000000000000000e+01,1.520000000000000000e+02,-3.265575000000000117e+00
4.500000000000000000e+01,1.520000000000000000e+02,-3.265575000000000117e+00
5.600000000000000000e+01,1.520000000000000000e+02,-3.265575000000000117e+00
2.000000000000000000e+00,1.530000000000000000e+02,-3.265575000000000117e+00
1.400000000000000000e+01,1.530000000000000000e+02,-3.265575000000000117e+00
1.900000000000000000e+01,1.530000000000000000e+02,-3.265575000000000117e+00
2.800000000000000000e+01,1.530000000000000000e+02,-3.265575000000000117e+00
4.500000000000000000e+01,1.530000000000000000e+02,-3.265575000000000117e+00
5.600000000000000000e+01,1.530000000000000000e+02,-3.265575000000000117e+00
2.000000000000000000e+00,1.540000000000000000e+02,-3.265575000000000117e+00
1.400000000000000000e+01,1.540000000000000000e+02,-3.265575000000000117e+00
1.600000000000000000e+01,1.540000000000000000e+02,-3.265575000000000117e+00
1.900000000000000000e+01,1.540000000000000000e+02,-3.265575000000000117e+00
2.800000000000000000e+01,1.540000000000000000e+02,-3.265575000000000117e+00
4.300000000000000000e+01,1.540000000000000000e+02,-3.265575000000000117e+00
4.500000000000000000e+01,1.540000000000000000e+02,-3.265575000000000117e+00
5.600000000000000000e+01,1.540000000000000000e+02,-3.265575000000000117e+00
2.000000000000000000e+00,1.550000000000000000e+02,-3.265575000000000117e+00
1.400000000000000000e+01,1.550000000000000000e+02,-3.265575000000000117e+00
1.600000000000000000e+01,1.550000000000000000e+02,-3.265575000000000117e+00
1.900000000000000000e+01,1.550000000000000000e+02,-3.265575000000000117e+00
2.800000000000000000e+01,1.550000000000000000e+02,-3.265575000000000117e+00
4.300000000000000000e+01,1.550000000000000000e+02,-3.265575000000000117e+00
4.500000000000000000e+01,1.550000000000000000e+02,-3.265575000000000117e+00
5.600000000000000000e+01,1.550000000000000000e+02,-3.265575000000000117e+00
6.200000000000000000e+01,1.550000000000000000e+02,-3.265575000000000117e+00
2.000000000000000000e+00,1.560000000000000000e+02,-3.265575000000000117e+00
5.000000000000000000e+00,1.560000000000000000e+02,-3.265575000000000117e+00
1.300000000000000000e+01,1.560000000000000000e+02,-3.265575000000000117e+00
1.400000000000000000e+01,1.560000000000000000e+02,-3.265575000000000117e+00
1.600000000000000000e+01,1.560000000000000000e+02,-3.265575000000000117e+00
1.900000000000000000e+01,1.560000000000000000e+02,-3.265575000000000117e+00
2.800000000000000000e+01,1.560000000000000000e+02,-3.265575000000000117e+00
4.300000000000000000e+01,1.560000000000000000e+02,-3.265575000000000117e+00
4.500000000000000000e+01,1.560000000000000000e+02,-3.265575000000000117e+00
5.600000000000000000e+01,1.560000000000000000e+02,-3.265575000000000117e+00
6.200000000000000000e+01,1.560000000000000000e+02,-3.265575000000000117e+00
2.000000000000000000e+00,1.570000000000000000e+02,-3.265575000000000117e+00
5.000000000000000000e+00,1.570000000000000000e+02,-3.265575000000000117e+00
1.300000000000000000e+01,1.570000000000000000e+02,-3.265575000000000117e+00
1.400000000000000000e+01,1.570000000000000000e+02,-3.265575000000000117e+00
1.900000000000000000e+01,1.570000000000000000e+02,-3.265575000000000117e+00
2.800000000000000000e+01,1.570000000000000000e+02,-3.265575000000000117e+00
4.300000000000000000e+01,1.570000000000000000e+02,-3.265575000000000117e+00
4.500000000000000000e+01,1.570000000000000000e+02,-3.265575000000000117e+00
5.500000000000000000e+01,1.570000000000000000e+02,-3.265575000000000117e+00
5.600000000000000000e+01,1.570000000000000000e+02,-3.265575000000000117e+00
6.200000000000000000e+01,1.570000000000000000e+02,-3.265575000000000117e+00
2.000000000000000000e+00,1.580000000000000000e+02,-3.265575000000000117e+00
5.000000000000000000e+00,1.580000000000000000e+02,-3.265575000000000117e+00
1.300000000000000000e+01,1.580000000000000000e+02,-3.265575000000000117e+00
1.400000000000000000e+01,1.580000000000000000e+02,-3.265575000000000117e+00
1.900000000000000000e+01,1.580000000000000000e+02,-3.265575000000000117e+00
4.500000000000000000e+01,1.580000000000000000e+02,-3.265575000000000117e+00
5.500000000000000000e+01,1.580000000000000000e+02,-3.265575000000000117e+00
6.200000000000000000e+01,1.580000000000000000e+02,-3.265575000000000117e+00
2.000000000000000000e+00,1.590000000000000000e+02,-3.265575000000000117e+00
5.000000000000000000e+00,1.590000000000000000e+02,-3.265575000000000117e+00
1.300000000000000000e+01,1.590000000000000000e+02,-3.265575000000000117e+00
1.400000000000000000e+01,1.590000000000000000e+02,-3.265575000000000117e+00
4.500000000000000000e+01,1.590000000000000000e+02,-3.265575000000000117e+00
5.500000000000000000e+01,1.590000000000000000e+02,-3.265575000000000117e+00
6.200000000000000000e+01,1.590000000000000000e+02,-3.265575000000000117e+00
2.000000000000000000e+00,1.600000000000000000e+02,-3.265575000000000117e+00
5.000000000000000000e+00,1.600000000000000000e+02,-3.265575000000000117e+00
1.300000000000000000e+01,1.600000000000000000e+02,-3.265575000000000117e+00
1.400000000000000000e+01,1.600000000000000000e+02,-3.265575000000000117e+00
4.500000000000000000e+01,1.600000000000000000e+02,-3.265575000000000117e+00
5.500000000000000000e+01,1.600000000000000000e+02,-3.265575000000000117e+00
6.200000000000000000e+01,1.600000000000000000e+02,-3.265575000000000117e+00
2.000000000000000000e+00,1.610000000000000000e+02,-3.265575000000000117e+00
5.000000000000000000e+00,1.610000000000000000e+02,-3.265575000000000117e+00
1.300000000000000000e+01,1.610000000000000000e+02,-3.265575000000000117e+00
1.400000000000000000e+01,1.610000000000000000e+02,-3.265575000000000117e+00
4.500000000000000000e+01,1.610000000000000000e+02,-3.265575000000000117e+00
6.100000000000000000e+01,1.610000000000000000e+02,-3.265575000000000117e+00
6.200000000000000000e+01,1.610000000000000000e+02,-3.265575000000000117e+00
2.000000000000000000e+00,1.620000000000000000e+02,-3.265575000000000117e+00
1.300000000000000000e+01,1.620000000000000000e+02,-3.265575000000000117e+00
1.400000000000000000e+01,1.620000000000000000e+02,-3.265575000000000117e+00
4.500000000000000000e+01,1.620000000000000000e+02,-3.265575000000000117e+00
4.800000000000000000e+01,1.620000000000000000e+02,-3.265575000000000117e+00
6.200000000000000000e+01,1.620000000000000000e+02,-3.265575000000000117e+00
2.000000000000000000e+00,1.630000000000000000e+02,-3.265575000000000117e+00
1.300000000000000000e+01,1.630000000000000000e+02,-3.265575000000000117e+00
1.400000000000000000e+01,1.630000000000000000e+02,-3.265575000000000117e+00
4.800000000000000000e+01,1.630000000000000000e+02,-3.265575000000000117e+00
1.300000000000000000e+01,1.640000000000000000e+02,-3.265575000000000117e+00
1.400000000000000000e+01,1.640000000000000000e+02,-3.265575000000000117e+00
4.800000000000000000e+01,1.640000000000000000e+02,-3.265575000000000117e+00
8.000000000000000000e+00,1.650000000000000000e+02,-3.265575000000000117e+00
1.400000000000000000e+01,1.650000000000000000e+02,-3.265575000000000117e+00
4.800000000000000000e+01,1.650000000000000000e+02,-3.265575000000000117e+00
8.000000000000000000e+00,1.660000000000000000e+02,-3.265575000000000117e+00
1.600000000000000000e+01,1.660000000000000000e+02,-3.265575000000000117e+00
4.800000000000000000e+01,1.660000000000000000e+02,-3.265575000000000117e+00
8.000000000000000000e+00,1.670000000000000000e+02,-3.265575000000000117e+00
1.600000000000000000e+01,1.670000000000000000e+02,-3.265575000000000117e+00
2.500000000000000000e+01,1.670000000000000000e+02,-3.265575000000000117e+00
2.800000000000000000e+01,1.670000000000000000e+02,-3.265575000000000117e+00
4.900000000000000000e+01,1.670000000000000000e+02,-3.265575000000000117e+00
8.000000000000000000e+00,1.680000000000000000e+02,-3.265575000000000117e+00
1.600000000000000000e+01,1.680000000000000000e+02,-3.265575000000000117e+00
2.500000000000000000e+01,1.680000000000000000e+02,-3.265575000000000117e+00
2.800000000000000000e+01,1.680000000000000000e+02,-3.265575000000000117e+00
4.900000000000000000e+01,1.680000000000000000e+02,-3.265575000000000117e+00
8.000000000000000000e+00,1.690000000000000000e+02,-3.265575000000000117e+00
1.600000000000000000e+01,1.690000000000000000e+02,-3.265575000000000117e+00
2.500000000000000000e+01,1.690000000000000000e+02,-3.265575000000000117e+00
2.800000000000000000e+01,1.690000000000000000e+02,-3.265575000000000117e+00
4.900000000000000000e+01,1.690000000000000000e+02,-3.265575000000000117e+00
8.000000000000000000e+00,1.700000000000000000e+02,-3.265575000000000117e+00
1.600000000000000000e+01,1.700000000000000000e+02,-3.265575000000000117e+00
4.900000000000000000e+01,1.700000000000000000e+02,-3.265575000000000117e+00
6.100000000000000000e+01,1.700000000000000000e+02,-3.265575000000000117e+00
8.000000000000000000e+00,1.710000000000000000e+02,-3.265575000000000117e+00
1.600000000000000000e+01,1.710000000000000000e+02,-3.265575000000000117e+00
4.900000000000000000e+01,1.710000000000000000e+02,-3.265575000000000117e+00
6.100000000000000000e+01,1.710000000000000000e+02,-3.265575000000000117e+00
8.000000000000000000e+00,1.720000000000000000e+02,-3.265575000000000117e+00
1.600000000000000000e+01,1.720000000000000000e+02,-3.265575000000000117e+00
4.900000000000000000e+01,1.720000000000000000e+02,-3.265575000000000117e+00
6.100000000000000000e+01,1.720000000000000000e+02,-3.265575000000000117e+00
8.000000000000000000e+00,1.730000000000000000e+02,-3.265575000000000117e+00
1.600000000000000000e+01,1.730000000000000000e+02,-3.265575000000000117e+00
4.900000000000000000e+01,1.730000000000000000e+02,-3.265575000000000117e+00
6.100000000000000000e+01,1.730000000000000000e+02,-3.265575000000000117e+00
4.900000000000000000e+01,1.740000000000000000e+02,-3.265575000000000117e+00
5.600000000000000000e+01,1.740000000000000000e+02,-3.265575000000000117e+00
6.100000000000000000e+01,1.740000000000000000e+02,-3.265575000000000117e+00
1.400000000000000000e+01,1.750000000000000000e+02,-3.265575000000000117e+00
5.600000000000000000e+01,1.750000000000000000e+02,-3.265575000000000117e+00
6.100000000000000000e+01,1.750000000000000000e+02,-3.265575000000000117e+00
1.400000000000000000e+01,1.760000000000000000e+02,-3.265575000000000117e+00
2.800000000000000000e+01,1.760000000000000000e+02,-3.265575000000000117e+00
5.600000000000000000e+01,1.760000000000000000e+02,-3.265575000000000117e+00
1.400000000000000000e+01,1.770000000000000000e+02,-3.265575000000000117e+00
2.800000000000000000e+01,1.770000000000000000e+02,-3.265575000000000117e+00
5.600000000000000000e+01,1.770000000000000000e+02,-3.265575000000000117e+00
1.400000000000000000e+01,1.780000000000000000e+02,-3.265575000000000117e+00
2.800000000000000000e+01,1.780000000000000000e+02,-3.265575000000000117e+00
5.600000000000000000e+01,1.780000000000000000e+02,-3.265575000000000117e+00
1.400000000000000000e+01,1.790000000000000000e+02,-3.265575000000000117e+00
2.800000000000000000e+01,1.790000000000000000e+02,-3.265575000000000117e+00
5.600000000000000000e+01,1.790000000000000000e+02,-3.265575000000000117e+00
1.400000000000000000e+01,1.800000000000000000e+02,-3.265575000000000117e+00
2.800000000000000000e+01,1.800000000000000000e+02,-3.265575000000000117e+00
5.600000000000000000e+01,1.800000000000000000e+02,-3.265575000000000117e+00
1.400000000000000000e+01,1.810000000000000000e+02,-3.265575000000000117e+00
2.800000000000000000e+01,1.810000000000000000e+02,-3.265575000000000117e+00
5.600000000000000000e+01,1.810000000000000000e+02,-3.265575000000000117e+00
1.400000000000000000e+01,1.820000000000000000e+02,-3.265575000000000117e+00
2.800000000000000000e+01,1.820000000000000000e+02,-3.265575000000000117e+00
2.800000000000000000e+01,1.830000000000000000e+02,-3.265575000000000117e+00
2.800000000000000000e+01,1.840000000000000000e+02,-3.265575000000000117e+00
2.800000000000000000e+01,1.850000000000000000e+02,-3.265575000000000117e+00
2.800000000000000000e+01,1.860000000000000000e+02,-3.265575000000000117e+00
2.800000000000000000e+01,1.870000000000000000e+02,-3.265575000000000117e+00
9.000000000000000000e+00,3.540000000000000000e+02,-3.265575000000000117e+00
3.400000000000000000e+01,4.300000000000000000e+02,-3.265575000000000117e+00
4.700000000000000000e+01,4.300000000000000000e+02,-3.265575000000000117e+00
9.000000000000000000e+00,4.310000000000000000e+02,-3.265575000000000117e+00
3.400000000000000000e+01,4.310000000000000000e+02,-3.265575000000000117e+00
4.700000000000000000e+01,4.310000000000000000e+02,-3.265575000000000117e+00
8.000000000000000000e+00,4.320000000000000000e+02,-3.265575000000000117e+00
9.000000000000000000e+00,4.320000000000000000e+02,-3.265575000000000117e+00
1.400000000000000000e+01,4.320000000000000000e+02,-3.265575000000000117e+00
3.400000000000000000e+01,4.320000000000000000e+02,-3.265575000000000117e+00
4.700000000000000000e+01,4.320000000000000000e+02,-3.265575000000000117e+00
8.000000000000000000e+00,4.330000000000000000e+02,-3.265575000000000117e+00
1.400000000000000000e+01,4.330000000000000000e+02,-3.265575000000000117e+00
3.400000000000000000e+01,4.330000000000000000e+02,-3.265575000000000117e+00
4.700000000000000000e+01,4.330000000000000000e+02,-3.265575000000000117e+00
4.900000000000000000e+01,4.330000000000000000e+02,-3.265575000000000117e+00
8.000000000000000000e+00,4.340000000000000000e+02,-3.265575000000000117e+00
3.400000000000000000e+01,4.340000000000000000e+02,-3.265575000000000117e+00
4.700000000000000000e+01,4.340000000000000000e+02,-3.265575000000000117e+00
4.900000000000000000e+01,4.340000000000000000e+02,-3.265575000000000117e+00
8.000000000000000000e+00,4.350000000000000000e+02,-3.265575000000000117e+00
3.400000000000000000e+01,4.350000000000000000e+02,-3.265575000000000117e+00
4.900000000000000000e+01,4.350000000000000000e+02,-3.265575000000000117e+00
8.000000000000000000e+00,4.360000000000000000e+02,-3.265575000000000117e+00
3.400000000000000000e+01,4.360000000000000000e+02,-3.265575000000000117e+00
5.000000000000000000e+00,4.370000000000000000e+02,-3.265575000000000117e+00
8.000000000000000000e+00,4.370000000000000000e+02,-3.265575000000000117e+00
3.400000000000000000e+01,4.370000000000000000e+02,-3.265575000000000117e+00
5.000000000000000000e+00,4.380000000000000000e+02,-3.265575000000000117e+00
8.000000000000000000e+00,4.380000000000000000e+02,-3.265575000000000117e+00
3.400000000000000000e+01,4.380000000000000000e+02,-3.265575000000000117e+00
5.000000000000000000e+00,4.390000000000000000e+02,-3.265575000000000117e+00
5.000000000000000000e+00,4.400000000000000000e+02,-3.265575000000000117e+00
5.000000000000000000e+00,4.430000000000000000e+02,-3.265575000000000117e+00
5.000000000000000000e+00,4.440000000000000000e+02,-3.265575000000000117e+00
5.000000000000000000e+00,4.450000000000000000e+02,-3.265575000000000117e+00
6.200000000000000000e+01,4.470000000000000000e+02,-3.265575000000000117e+00
6.200000000000000000e+01,4.480000000000000000e+02,-3.265575000000000117e+00
1.300000000000000000e+01,1.600000000000000000e+02,-2.265575000000000117e+00
1.300000000000000000e+01,1.610000000000000000e+02,-2.265575000000000117e+00
1.400000000000000000e+01,1.780000000000000000e+02,-2.265575000000000117e+00
1.400000000000000000e+01,1.790000000000000000e+02,-2.265575000000000117e+00
3.000000000000000000e+01,1.730000000000000000e+02,-1.265575000000000117e+00
3.000000000000000000e+01,1.740000000000000000e+02,-1.265575000000000117e+00
3.000000000000000000e+01,1.750000000000000000e+02,-1.265575000000000117e+00
1.300000000000000000e+01,7.600000000000000000e+01,2.734424999999999883e+00
4.700000000000000000e+01,7.800000000000000000e+01,2.734424999999999883e+00
4.700000000000000000e+01,7.900000000000000000e+01,2.734424999999999883e+00
3.400000000000000000e+01,8.000000000000000000e+01,2.734424999999999883e+00
4.700000000000000000e+01,8.000000000000000000e+01,2.734424999999999883e+00
3.400000000000000000e+01,8.100000000000000000e+01,2.734424999999999883e+00
4.700000000000000000e+01,8.100000000000000000e+01,2.734424999999999883e+00
4.700000000000000000e+01,8.200000000000000000e+01,2.734424999999999883e+00
1.400000000000000000e+01,1.560000000000000000e+02,2.734424999999999883e+00
2.800000000000000000e+01,1.560000000000000000e+02,2.734424999999999883e+00
1.400000000000000000e+01,1.570000000000000000e+02,2.734424999999999883e+00
2.800000000000000000e+01,1.570000000000000000e+02,2.734424999999999883e+00
1.400000000000000000e+01,1.580000000000000000e+02,2.734424999999999883e+00
2.800000000000000000e+01,1.580000000000000000e+02,2.734424999999999883e+00
1.400000000000000000e+01,1.590000000000000000e+02,2.734424999999999883e+00
2.800000000000000000e+01,1.590000000000000000e+02,2.734424999999999883e+00
1.400000000000000000e+01,1.600000000000000000e+02,2.734424999999999883e+00
2.800000000000000000e+01,1.600000000000000000e+02,2.734424999999999883e+00
1.400000000000000000e+01,1.610000000000000000e+02,2.734424999999999883e+00
1.400000000000000000e+01,1.620000000000000000e+02,2.734424999999999883e+00
1.400000000000000000e+01,1.630000000000000000e+02,2.734424999999999883e+00
1.400000000000000000e+01,1.640000000000000000e+02,2.734424999999999883e+00
3.800000000000000000e+01,4.070000000000000000e+02,2.734424999999999883e+00
3.800000000000000000e+01,4.080000000000000000e+02,2.734424999999999883e+00
6.200000000000000000e+01,4.080000000000000000e+02,2.734424999999999883e+00
3.800000000000000000e+01,4.090000000000000000e+02,2.734424999999999883e+00
6.200000000000000000e+01,4.090000000000000000e+02,2.734424999999999883e+00
3.800000000000000000e+01,4.100000000000000000e+02,2.734424999999999883e+00
6.200000000000000000e+01,4.100000000000000000e+02,2.734424999999999883e+00
3.800000000000000000e+01,4.110000000000000000e+02,2.734424999999999883e+00
3.800000000000000000e+01,4.310000000000000000e+02,2.734424999999999883e+00
3.800000000000000000e+01,4.320000000000000000e+02,2.734424999999999883e+00
3.400000000000000000e+01,4.340000000000000000e+02,2.734424999999999883e+00
3.400000000000000000e+01,4.350000000000000000e+02,2.734424999999999883e+00
1.300000000000000000e+01,7.500000000000000000e+01,3.214275000000000659e+00
1.300000000000000000e+01,7.600000000000000000e+01,3.214275000000000659e+00
1.300000000000000000e+01,7.700000000000000000e+01,3.214275000000000659e+00
4.700000000000000000e+01,7.700000000000000000e+01,3.214275000000000659e+00
1.300000000000000000e+01,7.800000000000000000e+01,3.214275000000000659e+00
4.700000000000000000e+01,7.800000000000000000e+01,3.214275000000000659e+00
3.400000000000000000e+01,7.900000000000000000e+01,3.214275000000000659e+00
4.700000000000000000e+01,7.900000000000000000e+01,3.214275000000000659e+00
3.400000000000000000e+01,8.000000000000000000e+01,3.214275000000000659e+00
4.700000000000000000e+01,8.000000000000000000e+01,3.214275000000000659e+00
3.400000000000000000e+01,8.100000000000000000e+01,3.214275000000000659e+00
4.700000000000000000e+01,8.100000000000000000e+01,3.214275000000000659e+00
3.400000000000000000e+01,8.200000000000000000e+01,3.214275000000000659e+00
4.700000000000000000e+01,8.200000000000000000e+01,3.214275000000000659e+00
1.400000000000000000e+01,1.560000000000000000e+02,3.214275000000000659e+00
2.800000000000000000e+01,1.560000000000000000e+02,3.214275000000000659e+00
5.600000000000000000e+01,1.560000000000000000e+02,3.214275000000000659e+00
1.400000000000000000e+01,1.570000000000000000e+02,3.214275000000000659e+00
2.800000000000000000e+01,1.570000000000000000e+02,3.214275000000000659e+00
5.600000000000000000e+01,1.570000000000000000e+02,3.214275000000000659e+00
1.400000000000000000e+01,1.580000000000000000e+02,3.214275000000000659e+00
2.800000000000000000e+01,1.580000000000000000e+02,3.214275000000000659e+00
5.600000000000000000e+01,1.580000000000000000e+02,3.214275000000000659e+00
1.400000000000000000e+01,1.590000000000000000e+02,3.214275000000000659e+00
2.800000000000000000e+01,1.590000000000000000e+02,3.214275000000000659e+00
1.400000000000000000e+01,1.600000000000000000e+02,3.214275000000000659e+00
2.800000000000000000e+01,1.600000000000000000e+02,3.214275000000000659e+00
1.400000000000000000e+01,1.610000000000000000e+02,3.214275000000000659e+00
2.800000000000000000e+01,1.610000000000000000e+02,3.214275000000000659e+00
1.400000000000000000e+01,1.620000000000000000e+02,3.214275000000000659e+00
1.400000000000000000e+01,1.630000000000000000e+02,3.214275000000000659e+00
1.400000000000000000e+01,1.640000000000000000e+02,3.214275000000000659e+00
1.400000000000000000e+01,1.650000000000000000e+02,3.214275000000000659e+00
9.000000000000000000e+00,3.580000000000000000e+02,3.214275000000000659e+00
3.800000000000000000e+01,4.050000000000000000e+02,3.214275000000000659e+00
4.900000000000000000e+01,4.050000000000000000e+02,3.214275000000000659e+00
3.800000000000000000e+01,4.060000000000000000e+02,3.214275000000000659e+00
4.900000000000000000e+01,4.060000000000000000e+02,3.214275000000000659e+00
6.200000000000000000e+01,4.060000000000000000e+02,3.214275000000000659e+00
3.800000000000000000e+01,4.070000000000000000e+02,3.214275000000000659e+00
6.200000000000000000e+01,4.070000000000000000e+02,3.214275000000000659e+00
3.800000000000000000e+01,4.080000000000000000e+02,3.214275000000000659e+00
6.200000000000000000e+01,4.080000000000000000e+02,3.214275000000000659e+00
3.800000000000000000e+01,4.090000000000000000e+02,3.214275000000000659e+00
6.200000000000000000e+01,4.090000000000000000e+02,3.214275000000000659e+00
5.000000000000000000e+00,4.100000000000000000e+02,3.214275000000000659e+00
3.800000000000000000e+01,4.100000000000000000e+02,3.214275000000000659e+00
6.200000000000000000e+01,4.100000000000000000e+02,3.214275000000000659e+00
5.000000000000000000e+00,4.110000000000000000e+02,3.214275000000000659e+00
3.800000000000000000e+01,4.110000000000000000e+02,3.214275000000000659e+00
6.200000000000000000e+01,4.110000000000000000e+02,3.214275000000000659e+00
5.000000000000000000e+00,4.120000000000000000e+02,3.214275000000000659e+00
5.000000000000000000e+00,4.130000000000000000e+02,3.214275000000000659e+00
3.300000000000000000e+01,4.130000000000000000e+02,3.214275000000000659e+00
1.300000000000000000e+01,4.140000000000000000e+02,3.214275000000000659e+00
3.300000000000000000e+01,4.140000000000000000e+02,3.214275000000000659e+00
1.300000000000000000e+01,4.150000000000000000e+02,3.214275000000000659e+00
4.700000000000000000e+01,4.230000000000000000e+02,3.214275000000000659e+00
8.000000000000000000e+00,4.250000000000000000e+02,3.214275000000000659e+00
5.000000000000000000e+00,4.300000000000000000e+02,3.214275000000000659e+00
5.000000000000000000e+00,4.310000000000000000e+02,3.214275000000000659e+00
3.800000000000000000e+01,4.310000000000000000e+02,3.214275000000000659e+00
3.800000000000000000e+01,4.320000000000000000e+02,3.214275000000000659e+00
3.800000000000000000e+01,4.330000000000000000e+02,3.214275000000000659e+00
3.400000000000000000e+01,4.340000000000000000e+02,3.214275000000000659e+00
3.400000000000000000e+01,4.350000000000000000e+02,3.214275000000000659e+00
