1.790000000000000000e+02,8.300000000000000000e+01,-2.957699999999999996e+00
1.790000000000000000e+02,8.400000000000000000e+01,-2.957699999999999996e+00
1.790000000000000000e+02,8.500000000000000000e+01,-2.957699999999999996e+00
2.110000000000000000e+02,1.730000000000000000e+02,-2.957699999999999996e+00
2.110000000000000000e+02,1.740000000000000000e+02,-2.957699999999999996e+00
2.110000000000000000e+02,1.730000000000000000e+02,-1.957699999999999996e+00
2.110000000000000000e+02,1.740000000000000000e+02,-1.957699999999999996e+00
7.400000000000000000e+01,3.100000000000000000e+01,5.042300000000000004e+00
7.400000000000000000e+01,3.200000000000000000e+01,5.042300000000000004e+00
7.400000000000000000e+01,3.100000000000000000e+01,6.042300000000000004e+00
7.400000000000000000e+01,3.200000000000000000e+01,6.042300000000000004e+00
8.000000000000000000e+01,1.320000000000000000e+02,7.042300000000000004e+00
8.000000000000000000e+01,1.330000000000000000e+02,7.042300000000000004e+00
8.000000000000000000e+01,1.340000000000000000e+02,7.042300000000000004e+00
8.000000000000000000e+01,1.350000000000000000e+02,7.042300000000000004e+00
8.000000000000000000e+01,1.360000000000000000e+02,7.042300000000000004e+00
1.660000000000000000e+02,1.380000000000000000e+02,7.042300000000000004e+00
1.660000000000000000e+02,1.390000000000000000e+02,7.042300000000000004e+00
8.000000000000000000e+01,1.320000000000000000e+02,8.042300000000000892e+00
8.000000000000000000e+01,1.330000000000000000e+02,8.042300000000000892e+00
8.000000000000000000e+01,1.340000000000000000e+02,8.042300000000000892e+00
8.000000000000000000e+01,1.350000000000000000e+02,8.042300000000000892e+00
8.000000000000000000e+01,1.360000000000000000e+02,8.042300000000000892e+00
1.660000000000000000e+02,1.380000000000000000e+02,8.042300000000000892e+00
1.660000000000000000e+02,1.390000000000000000e+02,8.042300000000000892e+00
8.000000000000000000e+01,1.320000000000000000e+02,8.297100000000000364e+00
8.000000000000000000e+01,1.330000000000000000e+02,8.297100000000000364e+00
8.000000000000000000e+01,1.340000000000000000e+02,8.297100000000000364e+00
8.000000000000000000e+01,1.350000000000000000e+02,8.297100000000000364e+00
8.000000000000000000e+01,1.360000000000000000e+02,8.297100000000000364e+00
1.660000000000000000e+02,1.380000000000000000e+02,8.297100000000000364e+00
1.660000000000000000e+02,1.390000000000000000e+02,8.297100000000000364e+00
