1.500000000000000000e+01,2.700000000000000000e+01,-2.775675000000000558e+00
1.500000000000000000e+01,2.800000000000000000e+01,-2.775675000000000558e+00
1.400000000000000000e+01,2.900000000000000000e+01,-2.775675000000000558e+00
1.500000000000000000e+01,2.900000000000000000e+01,-2.775675000000000558e+00
1.400000000000000000e+01,3.000000000000000000e+01,-2.775675000000000558e+00
1.500000000000000000e+01,1.950000000000000000e+02,-2.775675000000000558e+00
2.000000000000000000e+00,1.960000000000000000e+02,-2.775675000000000558e+00
1.300000000000000000e+01,1.960000000000000000e+02,-2.775675000000000558e+00
1.500000000000000000e+01,1.960000000000000000e+02,-2.775675000000000558e+00
1.600000000000000000e+01,1.960000000000000000e+02,-2.775675000000000558e+00
1.700000000000000000e+01,1.960000000000000000e+02,-2.775675000000000558e+00
1.000000000000000000e+00,1.970000000000000000e+02,-2.775675000000000558e+00
2.000000000000000000e+00,1.970000000000000000e+02,-2.775675000000000558e+00
1.200000000000000000e+01,1.970000000000000000e+02,-2.775675000000000558e+00
1.300000000000000000e+01,1.970000000000000000e+02,-2.775675000000000558e+00
1.500000000000000000e+01,1.970000000000000000e+02,-2.775675000000000558e+00
1.600000000000000000e+01,1.970000000000000000e+02,-2.775675000000000558e+00
1.700000000000000000e+01,1.970000000000000000e+02,-2.775675000000000558e+00
1.800000000000000000e+01,1.970000000000000000e+02,-2.775675000000000558e+00
1.900000000000000000e+01,1.970000000000000000e+02,-2.775675000000000558e+00
2.000000000000000000e+00,1.980000000000000000e+02,-2.775675000000000558e+00
1.200000000000000000e+01,1.980000000000000000e+02,-2.775675000000000558e+00
1.300000000000000000e+01,1.980000000000000000e+02,-2.775675000000000558e+00
1.500000000000000000e+01,1.980000000000000000e+02,-2.775675000000000558e+00
1.600000000000000000e+01,1.980000000000000000e+02,-2.775675000000000558e+00
1.700000000000000000e+01,1.980000000000000000e+02,-2.775675000000000558e+00
1.800000000000000000e+01,1.980000000000000000e+02,-2.775675000000000558e+00
1.900000000000000000e+01,1.980000000000000000e+02,-2.775675000000000558e+00
1.500000000000000000e+01,2.800000000000000000e+01,-1.775675000000000558e+00
1.400000000000000000e+01,2.900000000000000000e+01,-1.775675000000000558e+00
1.500000000000000000e+01,2.900000000000000000e+01,-1.775675000000000558e+00
1.400000000000000000e+01,3.000000000000000000e+01,-1.775675000000000558e+00
1.400000000000000000e+01,3.100000000000000000e+01,-1.775675000000000558e+00
5.200000000000000000e+01,5.300000000000000000e+01,-1.775675000000000558e+00
5.200000000000000000e+01,5.400000000000000000e+01,-1.775675000000000558e+00
5.200000000000000000e+01,5.500000000000000000e+01,-1.775675000000000558e+00
4.400000000000000000e+01,7.900000000000000000e+01,-1.775675000000000558e+00
4.400000000000000000e+01,8.000000000000000000e+01,-1.775675000000000558e+00
4.400000000000000000e+01,8.100000000000000000e+01,-1.775675000000000558e+00
4.300000000000000000e+01,8.200000000000000000e+01,-1.775675000000000558e+00
4.400000000000000000e+01,8.200000000000000000e+01,-1.775675000000000558e+00
4.300000000000000000e+01,8.300000000000000000e+01,-1.775675000000000558e+00
4.400000000000000000e+01,8.300000000000000000e+01,-1.775675000000000558e+00
4.300000000000000000e+01,8.400000000000000000e+01,-1.775675000000000558e+00
4.400000000000000000e+01,8.400000000000000000e+01,-1.775675000000000558e+00
4.300000000000000000e+01,8.500000000000000000e+01,-1.775675000000000558e+00
4.400000000000000000e+01,8.500000000000000000e+01,-1.775675000000000558e+00
4.300000000000000000e+01,8.600000000000000000e+01,-1.775675000000000558e+00
4.400000000000000000e+01,8.600000000000000000e+01,-1.775675000000000558e+00
4.300000000000000000e+01,8.700000000000000000e+01,-1.775675000000000558e+00
4.400000000000000000e+01,8.700000000000000000e+01,-1.775675000000000558e+00
4.300000000000000000e+01,8.800000000000000000e+01,-1.775675000000000558e+00
4.400000000000000000e+01,8.800000000000000000e+01,-1.775675000000000558e+00
1.500000000000000000e+01,1.950000000000000000e+02,-1.775675000000000558e+00
1.500000000000000000e+01,1.960000000000000000e+02,-1.775675000000000558e+00
1.600000000000000000e+01,1.960000000000000000e+02,-1.775675000000000558e+00
2.000000000000000000e+00,1.970000000000000000e+02,-1.775675000000000558e+00
1.200000000000000000e+01,1.970000000000000000e+02,-1.775675000000000558e+00
1.300000000000000000e+01,1.970000000000000000e+02,-1.775675000000000558e+00
1.500000000000000000e+01,1.970000000000000000e+02,-1.775675000000000558e+00
1.600000000000000000e+01,1.970000000000000000e+02,-1.775675000000000558e+00
1.700000000000000000e+01,1.970000000000000000e+02,-1.775675000000000558e+00
1.800000000000000000e+01,1.970000000000000000e+02,-1.775675000000000558e+00
1.900000000000000000e+01,1.970000000000000000e+02,-1.775675000000000558e+00
1.200000000000000000e+01,1.980000000000000000e+02,-1.775675000000000558e+00
1.300000000000000000e+01,1.980000000000000000e+02,-1.775675000000000558e+00
1.500000000000000000e+01,1.980000000000000000e+02,-1.775675000000000558e+00
1.600000000000000000e+01,1.980000000000000000e+02,-1.775675000000000558e+00
1.700000000000000000e+01,1.980000000000000000e+02,-1.775675000000000558e+00
1.800000000000000000e+01,1.980000000000000000e+02,-1.775675000000000558e+00
1.900000000000000000e+01,1.980000000000000000e+02,-1.775675000000000558e+00
4.000000000000000000e+01,2.040000000000000000e+02,-1.775675000000000558e+00
4.000000000000000000e+01,2.050000000000000000e+02,-1.775675000000000558e+00
4.000000000000000000e+01,2.060000000000000000e+02,-1.775675000000000558e+00
1.500000000000000000e+01,2.800000000000000000e+01,-7.756750000000005585e-01
1.400000000000000000e+01,2.900000000000000000e+01,-7.756750000000005585e-01
1.500000000000000000e+01,2.900000000000000000e+01,-7.756750000000005585e-01
1.400000000000000000e+01,3.000000000000000000e+01,-7.756750000000005585e-01
1.500000000000000000e+01,3.000000000000000000e+01,-7.756750000000005585e-01
1.400000000000000000e+01,3.100000000000000000e+01,-7.756750000000005585e-01
1.400000000000000000e+01,3.200000000000000000e+01,-7.756750000000005585e-01
5.200000000000000000e+01,5.200000000000000000e+01,-7.756750000000005585e-01
5.200000000000000000e+01,5.300000000000000000e+01,-7.756750000000005585e-01
5.300000000000000000e+01,5.300000000000000000e+01,-7.756750000000005585e-01
5.200000000000000000e+01,5.400000000000000000e+01,-7.756750000000005585e-01
5.300000000000000000e+01,5.400000000000000000e+01,-7.756750000000005585e-01
5.200000000000000000e+01,5.500000000000000000e+01,-7.756750000000005585e-01
5.300000000000000000e+01,5.500000000000000000e+01,-7.756750000000005585e-01
5.200000000000000000e+01,5.600000000000000000e+01,-7.756750000000005585e-01
5.300000000000000000e+01,5.600000000000000000e+01,-7.756750000000005585e-01
4.400000000000000000e+01,7.800000000000000000e+01,-7.756750000000005585e-01
4.300000000000000000e+01,7.900000000000000000e+01,-7.756750000000005585e-01
4.400000000000000000e+01,7.900000000000000000e+01,-7.756750000000005585e-01
4.300000000000000000e+01,8.000000000000000000e+01,-7.756750000000005585e-01
4.400000000000000000e+01,8.000000000000000000e+01,-7.756750000000005585e-01
4.300000000000000000e+01,8.100000000000000000e+01,-7.756750000000005585e-01
4.400000000000000000e+01,8.100000000000000000e+01,-7.756750000000005585e-01
2.700000000000000000e+01,8.200000000000000000e+01,-7.756750000000005585e-01
4.200000000000000000e+01,8.200000000000000000e+01,-7.756750000000005585e-01
4.300000000000000000e+01,8.200000000000000000e+01,-7.756750000000005585e-01
4.400000000000000000e+01,8.200000000000000000e+01,-7.756750000000005585e-01
2.600000000000000000e+01,8.300000000000000000e+01,-7.756750000000005585e-01
2.700000000000000000e+01,8.300000000000000000e+01,-7.756750000000005585e-01
4.200000000000000000e+01,8.300000000000000000e+01,-7.756750000000005585e-01
4.300000000000000000e+01,8.300000000000000000e+01,-7.756750000000005585e-01
4.400000000000000000e+01,8.300000000000000000e+01,-7.756750000000005585e-01
2.600000000000000000e+01,8.400000000000000000e+01,-7.756750000000005585e-01
2.700000000000000000e+01,8.400000000000000000e+01,-7.756750000000005585e-01
4.200000000000000000e+01,8.400000000000000000e+01,-7.756750000000005585e-01
4.300000000000000000e+01,8.400000000000000000e+01,-7.756750000000005585e-01
4.400000000000000000e+01,8.400000000000000000e+01,-7.756750000000005585e-01
2.600000000000000000e+01,8.500000000000000000e+01,-7.756750000000005585e-01
2.700000000000000000e+01,8.500000000000000000e+01,-7.756750000000005585e-01
4.200000000000000000e+01,8.500000000000000000e+01,-7.756750000000005585e-01
4.300000000000000000e+01,8.500000000000000000e+01,-7.756750000000005585e-01
4.400000000000000000e+01,8.500000000000000000e+01,-7.756750000000005585e-01
2.600000000000000000e+01,8.600000000000000000e+01,-7.756750000000005585e-01
2.700000000000000000e+01,8.600000000000000000e+01,-7.756750000000005585e-01
4.200000000000000000e+01,8.600000000000000000e+01,-7.756750000000005585e-01
4.300000000000000000e+01,8.600000000000000000e+01,-7.756750000000005585e-01
4.400000000000000000e+01,8.600000000000000000e+01,-7.756750000000005585e-01
2.600000000000000000e+01,8.700000000000000000e+01,-7.756750000000005585e-01
2.700000000000000000e+01,8.700000000000000000e+01,-7.756750000000005585e-01
4.300000000000000000e+01,8.700000000000000000e+01,-7.756750000000005585e-01
4.400000000000000000e+01,8.700000000000000000e+01,-7.756750000000005585e-01
2.700000000000000000e+01,8.800000000000000000e+01,-7.756750000000005585e-01
4.300000000000000000e+01,8.800000000000000000e+01,-7.756750000000005585e-01
4.400000000000000000e+01,8.800000000000000000e+01,-7.756750000000005585e-01
2.700000000000000000e+01,8.900000000000000000e+01,-7.756750000000005585e-01
4.300000000000000000e+01,8.900000000000000000e+01,-7.756750000000005585e-01
4.400000000000000000e+01,8.900000000000000000e+01,-7.756750000000005585e-01
2.000000000000000000e+00,1.960000000000000000e+02,-7.756750000000005585e-01
4.000000000000000000e+00,1.960000000000000000e+02,-7.756750000000005585e-01
1.400000000000000000e+01,1.960000000000000000e+02,-7.756750000000005585e-01
1.500000000000000000e+01,1.960000000000000000e+02,-7.756750000000005585e-01
1.600000000000000000e+01,1.960000000000000000e+02,-7.756750000000005585e-01
1.700000000000000000e+01,1.960000000000000000e+02,-7.756750000000005585e-01
0.000000000000000000e+00,1.970000000000000000e+02,-7.756750000000005585e-01
1.000000000000000000e+00,1.970000000000000000e+02,-7.756750000000005585e-01
2.000000000000000000e+00,1.970000000000000000e+02,-7.756750000000005585e-01
3.000000000000000000e+00,1.970000000000000000e+02,-7.756750000000005585e-01
4.000000000000000000e+00,1.970000000000000000e+02,-7.756750000000005585e-01
5.000000000000000000e+00,1.970000000000000000e+02,-7.756750000000005585e-01
6.000000000000000000e+00,1.970000000000000000e+02,-7.756750000000005585e-01
7.000000000000000000e+00,1.970000000000000000e+02,-7.756750000000005585e-01
1.100000000000000000e+01,1.970000000000000000e+02,-7.756750000000005585e-01
1.200000000000000000e+01,1.970000000000000000e+02,-7.756750000000005585e-01
1.300000000000000000e+01,1.970000000000000000e+02,-7.756750000000005585e-01
1.400000000000000000e+01,1.970000000000000000e+02,-7.756750000000005585e-01
1.500000000000000000e+01,1.970000000000000000e+02,-7.756750000000005585e-01
1.600000000000000000e+01,1.970000000000000000e+02,-7.756750000000005585e-01
1.700000000000000000e+01,1.970000000000000000e+02,-7.756750000000005585e-01
1.800000000000000000e+01,1.970000000000000000e+02,-7.756750000000005585e-01
1.900000000000000000e+01,1.970000000000000000e+02,-7.756750000000005585e-01
0.000000000000000000e+00,1.980000000000000000e+02,-7.756750000000005585e-01
1.000000000000000000e+00,1.980000000000000000e+02,-7.756750000000005585e-01
2.000000000000000000e+00,1.980000000000000000e+02,-7.756750000000005585e-01
3.000000000000000000e+00,1.980000000000000000e+02,-7.756750000000005585e-01
4.000000000000000000e+00,1.980000000000000000e+02,-7.756750000000005585e-01
5.000000000000000000e+00,1.980000000000000000e+02,-7.756750000000005585e-01
6.000000000000000000e+00,1.980000000000000000e+02,-7.756750000000005585e-01
7.000000000000000000e+00,1.980000000000000000e+02,-7.756750000000005585e-01
1.000000000000000000e+01,1.980000000000000000e+02,-7.756750000000005585e-01
1.100000000000000000e+01,1.980000000000000000e+02,-7.756750000000005585e-01
1.200000000000000000e+01,1.980000000000000000e+02,-7.756750000000005585e-01
1.300000000000000000e+01,1.980000000000000000e+02,-7.756750000000005585e-01
1.400000000000000000e+01,1.980000000000000000e+02,-7.756750000000005585e-01
1.500000000000000000e+01,1.980000000000000000e+02,-7.756750000000005585e-01
1.600000000000000000e+01,1.980000000000000000e+02,-7.756750000000005585e-01
1.700000000000000000e+01,1.980000000000000000e+02,-7.756750000000005585e-01
1.800000000000000000e+01,1.980000000000000000e+02,-7.756750000000005585e-01
1.900000000000000000e+01,1.980000000000000000e+02,-7.756750000000005585e-01
0.000000000000000000e+00,1.990000000000000000e+02,-7.756750000000005585e-01
1.000000000000000000e+00,1.990000000000000000e+02,-7.756750000000005585e-01
2.000000000000000000e+00,1.990000000000000000e+02,-7.756750000000005585e-01
3.000000000000000000e+00,1.990000000000000000e+02,-7.756750000000005585e-01
4.000000000000000000e+00,1.990000000000000000e+02,-7.756750000000005585e-01
5.000000000000000000e+00,1.990000000000000000e+02,-7.756750000000005585e-01
6.000000000000000000e+00,1.990000000000000000e+02,-7.756750000000005585e-01
7.000000000000000000e+00,1.990000000000000000e+02,-7.756750000000005585e-01
8.000000000000000000e+00,1.990000000000000000e+02,-7.756750000000005585e-01
9.000000000000000000e+00,1.990000000000000000e+02,-7.756750000000005585e-01
1.000000000000000000e+01,1.990000000000000000e+02,-7.756750000000005585e-01
1.100000000000000000e+01,1.990000000000000000e+02,-7.756750000000005585e-01
1.200000000000000000e+01,1.990000000000000000e+02,-7.756750000000005585e-01
1.300000000000000000e+01,1.990000000000000000e+02,-7.756750000000005585e-01
1.500000000000000000e+01,1.990000000000000000e+02,-7.756750000000005585e-01
1.600000000000000000e+01,1.990000000000000000e+02,-7.756750000000005585e-01
1.700000000000000000e+01,1.990000000000000000e+02,-7.756750000000005585e-01
1.800000000000000000e+01,1.990000000000000000e+02,-7.756750000000005585e-01
1.900000000000000000e+01,1.990000000000000000e+02,-7.756750000000005585e-01
1.000000000000000000e+01,2.000000000000000000e+02,-7.756750000000005585e-01
1.300000000000000000e+01,2.000000000000000000e+02,-7.756750000000005585e-01
1.500000000000000000e+01,2.000000000000000000e+02,-7.756750000000005585e-01
1.600000000000000000e+01,2.000000000000000000e+02,-7.756750000000005585e-01
1.700000000000000000e+01,2.000000000000000000e+02,-7.756750000000005585e-01
1.800000000000000000e+01,2.000000000000000000e+02,-7.756750000000005585e-01
1.900000000000000000e+01,2.000000000000000000e+02,-7.756750000000005585e-01
5.200000000000000000e+01,1.950000000000000000e+02,2.243249999999994415e-01
5.300000000000000000e+01,1.950000000000000000e+02,2.243249999999994415e-01
5.600000000000000000e+01,1.950000000000000000e+02,2.243249999999994415e-01
4.000000000000000000e+01,1.960000000000000000e+02,2.243249999999994415e-01
4.300000000000000000e+01,1.960000000000000000e+02,2.243249999999994415e-01
4.400000000000000000e+01,1.960000000000000000e+02,2.243249999999994415e-01
4.800000000000000000e+01,1.960000000000000000e+02,2.243249999999994415e-01
5.000000000000000000e+01,1.960000000000000000e+02,2.243249999999994415e-01
5.200000000000000000e+01,1.960000000000000000e+02,2.243249999999994415e-01
5.300000000000000000e+01,1.960000000000000000e+02,2.243249999999994415e-01
5.600000000000000000e+01,1.960000000000000000e+02,2.243249999999994415e-01
5.700000000000000000e+01,1.960000000000000000e+02,2.243249999999994415e-01
4.000000000000000000e+01,1.970000000000000000e+02,2.243249999999994415e-01
4.300000000000000000e+01,1.970000000000000000e+02,2.243249999999994415e-01
4.400000000000000000e+01,1.970000000000000000e+02,2.243249999999994415e-01
4.600000000000000000e+01,1.970000000000000000e+02,2.243249999999994415e-01
4.800000000000000000e+01,1.970000000000000000e+02,2.243249999999994415e-01
5.000000000000000000e+01,1.970000000000000000e+02,2.243249999999994415e-01
5.200000000000000000e+01,1.970000000000000000e+02,2.243249999999994415e-01
5.300000000000000000e+01,1.970000000000000000e+02,2.243249999999994415e-01
5.400000000000000000e+01,1.970000000000000000e+02,2.243249999999994415e-01
5.600000000000000000e+01,1.970000000000000000e+02,2.243249999999994415e-01
5.700000000000000000e+01,1.970000000000000000e+02,2.243249999999994415e-01
4.000000000000000000e+01,1.980000000000000000e+02,2.243249999999994415e-01
4.400000000000000000e+01,1.980000000000000000e+02,2.243249999999994415e-01
4.600000000000000000e+01,1.980000000000000000e+02,2.243249999999994415e-01
5.000000000000000000e+01,1.980000000000000000e+02,2.243249999999994415e-01
5.200000000000000000e+01,1.980000000000000000e+02,2.243249999999994415e-01
5.300000000000000000e+01,1.980000000000000000e+02,2.243249999999994415e-01
5.600000000000000000e+01,1.980000000000000000e+02,2.243249999999994415e-01
5.700000000000000000e+01,1.980000000000000000e+02,2.243249999999994415e-01
5.300000000000000000e+01,1.990000000000000000e+02,2.243249999999994415e-01
1.500000000000000000e+01,2.010000000000000000e+02,2.243249999999994415e-01
0.000000000000000000e+00,2.020000000000000000e+02,2.243249999999994415e-01
1.000000000000000000e+00,2.020000000000000000e+02,2.243249999999994415e-01
2.000000000000000000e+00,2.020000000000000000e+02,2.243249999999994415e-01
3.000000000000000000e+00,2.020000000000000000e+02,2.243249999999994415e-01
4.000000000000000000e+00,2.020000000000000000e+02,2.243249999999994415e-01
5.000000000000000000e+00,2.020000000000000000e+02,2.243249999999994415e-01
6.000000000000000000e+00,2.020000000000000000e+02,2.243249999999994415e-01
7.000000000000000000e+00,2.020000000000000000e+02,2.243249999999994415e-01
1.100000000000000000e+01,2.020000000000000000e+02,2.243249999999994415e-01
1.300000000000000000e+01,2.020000000000000000e+02,2.243249999999994415e-01
1.400000000000000000e+01,2.020000000000000000e+02,2.243249999999994415e-01
1.500000000000000000e+01,2.020000000000000000e+02,2.243249999999994415e-01
1.600000000000000000e+01,2.020000000000000000e+02,2.243249999999994415e-01
1.700000000000000000e+01,2.020000000000000000e+02,2.243249999999994415e-01
1.800000000000000000e+01,2.020000000000000000e+02,2.243249999999994415e-01
1.900000000000000000e+01,2.020000000000000000e+02,2.243249999999994415e-01
0.000000000000000000e+00,2.030000000000000000e+02,2.243249999999994415e-01
1.000000000000000000e+00,2.030000000000000000e+02,2.243249999999994415e-01
2.000000000000000000e+00,2.030000000000000000e+02,2.243249999999994415e-01
3.000000000000000000e+00,2.030000000000000000e+02,2.243249999999994415e-01
4.000000000000000000e+00,2.030000000000000000e+02,2.243249999999994415e-01
5.000000000000000000e+00,2.030000000000000000e+02,2.243249999999994415e-01
6.000000000000000000e+00,2.030000000000000000e+02,2.243249999999994415e-01
7.000000000000000000e+00,2.030000000000000000e+02,2.243249999999994415e-01
8.000000000000000000e+00,2.030000000000000000e+02,2.243249999999994415e-01
9.000000000000000000e+00,2.030000000000000000e+02,2.243249999999994415e-01
1.000000000000000000e+01,2.030000000000000000e+02,2.243249999999994415e-01
1.100000000000000000e+01,2.030000000000000000e+02,2.243249999999994415e-01
1.200000000000000000e+01,2.030000000000000000e+02,2.243249999999994415e-01
1.300000000000000000e+01,2.030000000000000000e+02,2.243249999999994415e-01
1.400000000000000000e+01,2.030000000000000000e+02,2.243249999999994415e-01
1.500000000000000000e+01,2.030000000000000000e+02,2.243249999999994415e-01
1.600000000000000000e+01,2.030000000000000000e+02,2.243249999999994415e-01
1.700000000000000000e+01,2.030000000000000000e+02,2.243249999999994415e-01
1.800000000000000000e+01,2.030000000000000000e+02,2.243249999999994415e-01
1.900000000000000000e+01,2.030000000000000000e+02,2.243249999999994415e-01
0.000000000000000000e+00,2.040000000000000000e+02,2.243249999999994415e-01
1.000000000000000000e+00,2.040000000000000000e+02,2.243249999999994415e-01
2.000000000000000000e+00,2.040000000000000000e+02,2.243249999999994415e-01
3.000000000000000000e+00,2.040000000000000000e+02,2.243249999999994415e-01
4.000000000000000000e+00,2.040000000000000000e+02,2.243249999999994415e-01
5.000000000000000000e+00,2.040000000000000000e+02,2.243249999999994415e-01
6.000000000000000000e+00,2.040000000000000000e+02,2.243249999999994415e-01
7.000000000000000000e+00,2.040000000000000000e+02,2.243249999999994415e-01
8.000000000000000000e+00,2.040000000000000000e+02,2.243249999999994415e-01
9.000000000000000000e+00,2.040000000000000000e+02,2.243249999999994415e-01
1.000000000000000000e+01,2.040000000000000000e+02,2.243249999999994415e-01
1.100000000000000000e+01,2.040000000000000000e+02,2.243249999999994415e-01
1.200000000000000000e+01,2.040000000000000000e+02,2.243249999999994415e-01
1.300000000000000000e+01,2.040000000000000000e+02,2.243249999999994415e-01
1.400000000000000000e+01,2.040000000000000000e+02,2.243249999999994415e-01
1.500000000000000000e+01,2.040000000000000000e+02,2.243249999999994415e-01
1.600000000000000000e+01,2.040000000000000000e+02,2.243249999999994415e-01
1.700000000000000000e+01,2.040000000000000000e+02,2.243249999999994415e-01
1.800000000000000000e+01,2.040000000000000000e+02,2.243249999999994415e-01
1.900000000000000000e+01,2.040000000000000000e+02,2.243249999999994415e-01
2.000000000000000000e+00,2.050000000000000000e+02,2.243249999999994415e-01
3.000000000000000000e+00,2.050000000000000000e+02,2.243249999999994415e-01
4.000000000000000000e+00,2.050000000000000000e+02,2.243249999999994415e-01
5.000000000000000000e+00,2.050000000000000000e+02,2.243249999999994415e-01
6.000000000000000000e+00,2.050000000000000000e+02,2.243249999999994415e-01
7.000000000000000000e+00,2.050000000000000000e+02,2.243249999999994415e-01
8.000000000000000000e+00,2.050000000000000000e+02,2.243249999999994415e-01
9.000000000000000000e+00,2.050000000000000000e+02,2.243249999999994415e-01
1.000000000000000000e+01,2.050000000000000000e+02,2.243249999999994415e-01
1.100000000000000000e+01,2.050000000000000000e+02,2.243249999999994415e-01
1.500000000000000000e+01,2.050000000000000000e+02,2.243249999999994415e-01
1.600000000000000000e+01,2.050000000000000000e+02,2.243249999999994415e-01
1.700000000000000000e+01,2.050000000000000000e+02,2.243249999999994415e-01
1.800000000000000000e+01,2.050000000000000000e+02,2.243249999999994415e-01
1.900000000000000000e+01,2.050000000000000000e+02,2.243249999999994415e-01
1.500000000000000000e+01,2.060000000000000000e+02,2.243249999999994415e-01
4.000000000000000000e+01,2.080000000000000000e+02,2.243249999999994415e-01
5.000000000000000000e+01,2.080000000000000000e+02,2.243249999999994415e-01
5.200000000000000000e+01,2.080000000000000000e+02,2.243249999999994415e-01
5.300000000000000000e+01,2.080000000000000000e+02,2.243249999999994415e-01
5.600000000000000000e+01,2.080000000000000000e+02,2.243249999999994415e-01
5.700000000000000000e+01,2.080000000000000000e+02,2.243249999999994415e-01
4.000000000000000000e+01,2.090000000000000000e+02,2.243249999999994415e-01
4.300000000000000000e+01,2.090000000000000000e+02,2.243249999999994415e-01
4.400000000000000000e+01,2.090000000000000000e+02,2.243249999999994415e-01
4.600000000000000000e+01,2.090000000000000000e+02,2.243249999999994415e-01
4.800000000000000000e+01,2.090000000000000000e+02,2.243249999999994415e-01
5.000000000000000000e+01,2.090000000000000000e+02,2.243249999999994415e-01
5.100000000000000000e+01,2.090000000000000000e+02,2.243249999999994415e-01
5.200000000000000000e+01,2.090000000000000000e+02,2.243249999999994415e-01
5.300000000000000000e+01,2.090000000000000000e+02,2.243249999999994415e-01
5.400000000000000000e+01,2.090000000000000000e+02,2.243249999999994415e-01
5.600000000000000000e+01,2.090000000000000000e+02,2.243249999999994415e-01
5.700000000000000000e+01,2.090000000000000000e+02,2.243249999999994415e-01
4.000000000000000000e+01,2.100000000000000000e+02,2.243249999999994415e-01
4.100000000000000000e+01,2.100000000000000000e+02,2.243249999999994415e-01
4.200000000000000000e+01,2.100000000000000000e+02,2.243249999999994415e-01
4.300000000000000000e+01,2.100000000000000000e+02,2.243249999999994415e-01
4.400000000000000000e+01,2.100000000000000000e+02,2.243249999999994415e-01
4.600000000000000000e+01,2.100000000000000000e+02,2.243249999999994415e-01
4.800000000000000000e+01,2.100000000000000000e+02,2.243249999999994415e-01
5.000000000000000000e+01,2.100000000000000000e+02,2.243249999999994415e-01
5.100000000000000000e+01,2.100000000000000000e+02,2.243249999999994415e-01
5.200000000000000000e+01,2.100000000000000000e+02,2.243249999999994415e-01
5.300000000000000000e+01,2.100000000000000000e+02,2.243249999999994415e-01
5.400000000000000000e+01,2.100000000000000000e+02,2.243249999999994415e-01
5.500000000000000000e+01,2.100000000000000000e+02,2.243249999999994415e-01
5.600000000000000000e+01,2.100000000000000000e+02,2.243249999999994415e-01
5.700000000000000000e+01,2.100000000000000000e+02,2.243249999999994415e-01
5.800000000000000000e+01,2.100000000000000000e+02,2.243249999999994415e-01
4.000000000000000000e+01,2.110000000000000000e+02,2.243249999999994415e-01
4.100000000000000000e+01,2.110000000000000000e+02,2.243249999999994415e-01
4.200000000000000000e+01,2.110000000000000000e+02,2.243249999999994415e-01
4.300000000000000000e+01,2.110000000000000000e+02,2.243249999999994415e-01
4.400000000000000000e+01,2.110000000000000000e+02,2.243249999999994415e-01
4.600000000000000000e+01,2.110000000000000000e+02,2.243249999999994415e-01
4.800000000000000000e+01,2.110000000000000000e+02,2.243249999999994415e-01
5.000000000000000000e+01,2.110000000000000000e+02,2.243249999999994415e-01
5.100000000000000000e+01,2.110000000000000000e+02,2.243249999999994415e-01
5.200000000000000000e+01,2.110000000000000000e+02,2.243249999999994415e-01
5.300000000000000000e+01,2.110000000000000000e+02,2.243249999999994415e-01
5.400000000000000000e+01,2.110000000000000000e+02,2.243249999999994415e-01
5.500000000000000000e+01,2.110000000000000000e+02,2.243249999999994415e-01
5.600000000000000000e+01,2.110000000000000000e+02,2.243249999999994415e-01
5.700000000000000000e+01,2.110000000000000000e+02,2.243249999999994415e-01
5.800000000000000000e+01,2.110000000000000000e+02,2.243249999999994415e-01
4.000000000000000000e+01,2.120000000000000000e+02,2.243249999999994415e-01
4.300000000000000000e+01,2.120000000000000000e+02,2.243249999999994415e-01
4.400000000000000000e+01,2.120000000000000000e+02,2.243249999999994415e-01
4.600000000000000000e+01,2.120000000000000000e+02,2.243249999999994415e-01
4.800000000000000000e+01,2.120000000000000000e+02,2.243249999999994415e-01
5.000000000000000000e+01,2.120000000000000000e+02,2.243249999999994415e-01
5.100000000000000000e+01,2.120000000000000000e+02,2.243249999999994415e-01
5.200000000000000000e+01,2.120000000000000000e+02,2.243249999999994415e-01
5.300000000000000000e+01,2.120000000000000000e+02,2.243249999999994415e-01
5.400000000000000000e+01,2.120000000000000000e+02,2.243249999999994415e-01
5.600000000000000000e+01,2.120000000000000000e+02,2.243249999999994415e-01
5.700000000000000000e+01,2.120000000000000000e+02,2.243249999999994415e-01
4.000000000000000000e+01,2.130000000000000000e+02,2.243249999999994415e-01
4.400000000000000000e+01,2.130000000000000000e+02,2.243249999999994415e-01
4.800000000000000000e+01,2.130000000000000000e+02,2.243249999999994415e-01
5.000000000000000000e+01,2.130000000000000000e+02,2.243249999999994415e-01
5.200000000000000000e+01,2.130000000000000000e+02,2.243249999999994415e-01
5.300000000000000000e+01,2.130000000000000000e+02,2.243249999999994415e-01
5.600000000000000000e+01,2.130000000000000000e+02,2.243249999999994415e-01
5.700000000000000000e+01,2.130000000000000000e+02,2.243249999999994415e-01
4.000000000000000000e+01,2.140000000000000000e+02,2.243249999999994415e-01
5.200000000000000000e+01,2.140000000000000000e+02,2.243249999999994415e-01
5.300000000000000000e+01,2.140000000000000000e+02,2.243249999999994415e-01
5.600000000000000000e+01,2.140000000000000000e+02,2.243249999999994415e-01
5.300000000000000000e+01,2.150000000000000000e+02,2.243249999999994415e-01
1.500000000000000000e+01,1.990000000000000000e+02,1.224324999999999442e+00
2.000000000000000000e+00,2.000000000000000000e+02,1.224324999999999442e+00
1.200000000000000000e+01,2.000000000000000000e+02,1.224324999999999442e+00
1.300000000000000000e+01,2.000000000000000000e+02,1.224324999999999442e+00
1.500000000000000000e+01,2.000000000000000000e+02,1.224324999999999442e+00
1.600000000000000000e+01,2.000000000000000000e+02,1.224324999999999442e+00
1.700000000000000000e+01,2.000000000000000000e+02,1.224324999999999442e+00
1.900000000000000000e+01,2.000000000000000000e+02,1.224324999999999442e+00
1.300000000000000000e+01,2.010000000000000000e+02,1.224324999999999442e+00
1.500000000000000000e+01,2.010000000000000000e+02,1.224324999999999442e+00
1.600000000000000000e+01,2.010000000000000000e+02,1.224324999999999442e+00
1.700000000000000000e+01,2.010000000000000000e+02,1.224324999999999442e+00
1.800000000000000000e+01,2.010000000000000000e+02,1.224324999999999442e+00
1.900000000000000000e+01,2.010000000000000000e+02,1.224324999999999442e+00
1.500000000000000000e+01,2.020000000000000000e+02,1.224324999999999442e+00
1.500000000000000000e+01,1.990000000000000000e+02,2.224324999999999442e+00
2.000000000000000000e+00,2.000000000000000000e+02,2.224324999999999442e+00
1.200000000000000000e+01,2.000000000000000000e+02,2.224324999999999442e+00
1.300000000000000000e+01,2.000000000000000000e+02,2.224324999999999442e+00
1.500000000000000000e+01,2.000000000000000000e+02,2.224324999999999442e+00
1.600000000000000000e+01,2.000000000000000000e+02,2.224324999999999442e+00
1.700000000000000000e+01,2.000000000000000000e+02,2.224324999999999442e+00
1.900000000000000000e+01,2.000000000000000000e+02,2.224324999999999442e+00
1.300000000000000000e+01,2.010000000000000000e+02,2.224324999999999442e+00
1.500000000000000000e+01,2.010000000000000000e+02,2.224324999999999442e+00
1.600000000000000000e+01,2.010000000000000000e+02,2.224324999999999442e+00
1.700000000000000000e+01,2.010000000000000000e+02,2.224324999999999442e+00
1.800000000000000000e+01,2.010000000000000000e+02,2.224324999999999442e+00
1.900000000000000000e+01,2.010000000000000000e+02,2.224324999999999442e+00
1.500000000000000000e+01,2.020000000000000000e+02,2.224324999999999442e+00
1.500000000000000000e+01,3.200000000000000000e+01,3.224324999999999442e+00
1.500000000000000000e+01,1.990000000000000000e+02,3.224324999999999442e+00
1.000000000000000000e+00,2.000000000000000000e+02,3.224324999999999442e+00
2.000000000000000000e+00,2.000000000000000000e+02,3.224324999999999442e+00
4.000000000000000000e+00,2.000000000000000000e+02,3.224324999999999442e+00
1.200000000000000000e+01,2.000000000000000000e+02,3.224324999999999442e+00
1.300000000000000000e+01,2.000000000000000000e+02,3.224324999999999442e+00
1.500000000000000000e+01,2.000000000000000000e+02,3.224324999999999442e+00
1.600000000000000000e+01,2.000000000000000000e+02,3.224324999999999442e+00
1.700000000000000000e+01,2.000000000000000000e+02,3.224324999999999442e+00
1.800000000000000000e+01,2.000000000000000000e+02,3.224324999999999442e+00
1.900000000000000000e+01,2.000000000000000000e+02,3.224324999999999442e+00
2.000000000000000000e+00,2.010000000000000000e+02,3.224324999999999442e+00
1.200000000000000000e+01,2.010000000000000000e+02,3.224324999999999442e+00
1.300000000000000000e+01,2.010000000000000000e+02,3.224324999999999442e+00
1.500000000000000000e+01,2.010000000000000000e+02,3.224324999999999442e+00
1.600000000000000000e+01,2.010000000000000000e+02,3.224324999999999442e+00
1.700000000000000000e+01,2.010000000000000000e+02,3.224324999999999442e+00
1.800000000000000000e+01,2.010000000000000000e+02,3.224324999999999442e+00
1.900000000000000000e+01,2.010000000000000000e+02,3.224324999999999442e+00
1.500000000000000000e+01,2.020000000000000000e+02,3.224324999999999442e+00
1.600000000000000000e+01,2.020000000000000000e+02,3.224324999999999442e+00
1.700000000000000000e+01,2.020000000000000000e+02,3.224324999999999442e+00
1.800000000000000000e+01,2.020000000000000000e+02,3.224324999999999442e+00
1.900000000000000000e+01,2.020000000000000000e+02,3.224324999999999442e+00
1.500000000000000000e+01,2.030000000000000000e+02,3.224324999999999442e+00
1.500000000000000000e+01,2.280000000000000000e+02,3.224324999999999442e+00
1.500000000000000000e+01,3.100000000000000000e+01,4.224324999999999442e+00
1.400000000000000000e+01,3.200000000000000000e+01,4.224324999999999442e+00
1.500000000000000000e+01,3.200000000000000000e+01,4.224324999999999442e+00
1.400000000000000000e+01,3.300000000000000000e+01,4.224324999999999442e+00
1.500000000000000000e+01,1.990000000000000000e+02,4.224324999999999442e+00
1.600000000000000000e+01,1.990000000000000000e+02,4.224324999999999442e+00
1.700000000000000000e+01,1.990000000000000000e+02,4.224324999999999442e+00
0.000000000000000000e+00,2.000000000000000000e+02,4.224324999999999442e+00
1.000000000000000000e+00,2.000000000000000000e+02,4.224324999999999442e+00
2.000000000000000000e+00,2.000000000000000000e+02,4.224324999999999442e+00
3.000000000000000000e+00,2.000000000000000000e+02,4.224324999999999442e+00
4.000000000000000000e+00,2.000000000000000000e+02,4.224324999999999442e+00
6.000000000000000000e+00,2.000000000000000000e+02,4.224324999999999442e+00
7.000000000000000000e+00,2.000000000000000000e+02,4.224324999999999442e+00
1.200000000000000000e+01,2.000000000000000000e+02,4.224324999999999442e+00
1.300000000000000000e+01,2.000000000000000000e+02,4.224324999999999442e+00
1.400000000000000000e+01,2.000000000000000000e+02,4.224324999999999442e+00
1.500000000000000000e+01,2.000000000000000000e+02,4.224324999999999442e+00
1.600000000000000000e+01,2.000000000000000000e+02,4.224324999999999442e+00
1.700000000000000000e+01,2.000000000000000000e+02,4.224324999999999442e+00
1.800000000000000000e+01,2.000000000000000000e+02,4.224324999999999442e+00
1.900000000000000000e+01,2.000000000000000000e+02,4.224324999999999442e+00
0.000000000000000000e+00,2.010000000000000000e+02,4.224324999999999442e+00
1.000000000000000000e+00,2.010000000000000000e+02,4.224324999999999442e+00
2.000000000000000000e+00,2.010000000000000000e+02,4.224324999999999442e+00
3.000000000000000000e+00,2.010000000000000000e+02,4.224324999999999442e+00
4.000000000000000000e+00,2.010000000000000000e+02,4.224324999999999442e+00
7.000000000000000000e+00,2.010000000000000000e+02,4.224324999999999442e+00
1.000000000000000000e+01,2.010000000000000000e+02,4.224324999999999442e+00
1.100000000000000000e+01,2.010000000000000000e+02,4.224324999999999442e+00
1.200000000000000000e+01,2.010000000000000000e+02,4.224324999999999442e+00
1.300000000000000000e+01,2.010000000000000000e+02,4.224324999999999442e+00
1.500000000000000000e+01,2.010000000000000000e+02,4.224324999999999442e+00
1.600000000000000000e+01,2.010000000000000000e+02,4.224324999999999442e+00
1.700000000000000000e+01,2.010000000000000000e+02,4.224324999999999442e+00
1.800000000000000000e+01,2.010000000000000000e+02,4.224324999999999442e+00
1.900000000000000000e+01,2.010000000000000000e+02,4.224324999999999442e+00
2.000000000000000000e+00,2.020000000000000000e+02,4.224324999999999442e+00
1.000000000000000000e+01,2.020000000000000000e+02,4.224324999999999442e+00
1.200000000000000000e+01,2.020000000000000000e+02,4.224324999999999442e+00
1.300000000000000000e+01,2.020000000000000000e+02,4.224324999999999442e+00
1.500000000000000000e+01,2.020000000000000000e+02,4.224324999999999442e+00
1.600000000000000000e+01,2.020000000000000000e+02,4.224324999999999442e+00
1.700000000000000000e+01,2.020000000000000000e+02,4.224324999999999442e+00
1.800000000000000000e+01,2.020000000000000000e+02,4.224324999999999442e+00
1.900000000000000000e+01,2.020000000000000000e+02,4.224324999999999442e+00
1.500000000000000000e+01,2.030000000000000000e+02,4.224324999999999442e+00
1.500000000000000000e+01,2.280000000000000000e+02,4.224324999999999442e+00
1.500000000000000000e+01,2.290000000000000000e+02,4.224324999999999442e+00
1.500000000000000000e+01,3.100000000000000000e+01,4.623375000000000234e+00
1.400000000000000000e+01,3.200000000000000000e+01,4.623375000000000234e+00
1.500000000000000000e+01,3.200000000000000000e+01,4.623375000000000234e+00
1.400000000000000000e+01,3.300000000000000000e+01,4.623375000000000234e+00
1.500000000000000000e+01,3.300000000000000000e+01,4.623375000000000234e+00
2.000000000000000000e+00,1.990000000000000000e+02,4.623375000000000234e+00
1.500000000000000000e+01,1.990000000000000000e+02,4.623375000000000234e+00
1.600000000000000000e+01,1.990000000000000000e+02,4.623375000000000234e+00
1.700000000000000000e+01,1.990000000000000000e+02,4.623375000000000234e+00
0.000000000000000000e+00,2.000000000000000000e+02,4.623375000000000234e+00
1.000000000000000000e+00,2.000000000000000000e+02,4.623375000000000234e+00
2.000000000000000000e+00,2.000000000000000000e+02,4.623375000000000234e+00
3.000000000000000000e+00,2.000000000000000000e+02,4.623375000000000234e+00
4.000000000000000000e+00,2.000000000000000000e+02,4.623375000000000234e+00
5.000000000000000000e+00,2.000000000000000000e+02,4.623375000000000234e+00
6.000000000000000000e+00,2.000000000000000000e+02,4.623375000000000234e+00
7.000000000000000000e+00,2.000000000000000000e+02,4.623375000000000234e+00
1.100000000000000000e+01,2.000000000000000000e+02,4.623375000000000234e+00
1.200000000000000000e+01,2.000000000000000000e+02,4.623375000000000234e+00
1.300000000000000000e+01,2.000000000000000000e+02,4.623375000000000234e+00
1.400000000000000000e+01,2.000000000000000000e+02,4.623375000000000234e+00
1.500000000000000000e+01,2.000000000000000000e+02,4.623375000000000234e+00
1.600000000000000000e+01,2.000000000000000000e+02,4.623375000000000234e+00
1.700000000000000000e+01,2.000000000000000000e+02,4.623375000000000234e+00
1.800000000000000000e+01,2.000000000000000000e+02,4.623375000000000234e+00
1.900000000000000000e+01,2.000000000000000000e+02,4.623375000000000234e+00
0.000000000000000000e+00,2.010000000000000000e+02,4.623375000000000234e+00
1.000000000000000000e+00,2.010000000000000000e+02,4.623375000000000234e+00
2.000000000000000000e+00,2.010000000000000000e+02,4.623375000000000234e+00
3.000000000000000000e+00,2.010000000000000000e+02,4.623375000000000234e+00
4.000000000000000000e+00,2.010000000000000000e+02,4.623375000000000234e+00
5.000000000000000000e+00,2.010000000000000000e+02,4.623375000000000234e+00
6.000000000000000000e+00,2.010000000000000000e+02,4.623375000000000234e+00
7.000000000000000000e+00,2.010000000000000000e+02,4.623375000000000234e+00
1.000000000000000000e+01,2.010000000000000000e+02,4.623375000000000234e+00
1.100000000000000000e+01,2.010000000000000000e+02,4.623375000000000234e+00
1.200000000000000000e+01,2.010000000000000000e+02,4.623375000000000234e+00
1.300000000000000000e+01,2.010000000000000000e+02,4.623375000000000234e+00
1.500000000000000000e+01,2.010000000000000000e+02,4.623375000000000234e+00
1.600000000000000000e+01,2.010000000000000000e+02,4.623375000000000234e+00
1.700000000000000000e+01,2.010000000000000000e+02,4.623375000000000234e+00
1.800000000000000000e+01,2.010000000000000000e+02,4.623375000000000234e+00
1.900000000000000000e+01,2.010000000000000000e+02,4.623375000000000234e+00
2.000000000000000000e+00,2.020000000000000000e+02,4.623375000000000234e+00
3.000000000000000000e+00,2.020000000000000000e+02,4.623375000000000234e+00
1.000000000000000000e+01,2.020000000000000000e+02,4.623375000000000234e+00
1.100000000000000000e+01,2.020000000000000000e+02,4.623375000000000234e+00
1.200000000000000000e+01,2.020000000000000000e+02,4.623375000000000234e+00
1.300000000000000000e+01,2.020000000000000000e+02,4.623375000000000234e+00
1.500000000000000000e+01,2.020000000000000000e+02,4.623375000000000234e+00
1.600000000000000000e+01,2.020000000000000000e+02,4.623375000000000234e+00
1.700000000000000000e+01,2.020000000000000000e+02,4.623375000000000234e+00
1.800000000000000000e+01,2.020000000000000000e+02,4.623375000000000234e+00
1.900000000000000000e+01,2.020000000000000000e+02,4.623375000000000234e+00
1.500000000000000000e+01,2.030000000000000000e+02,4.623375000000000234e+00
1.600000000000000000e+01,2.030000000000000000e+02,4.623375000000000234e+00
1.700000000000000000e+01,2.030000000000000000e+02,4.623375000000000234e+00
1.500000000000000000e+01,2.100000000000000000e+02,4.623375000000000234e+00
1.500000000000000000e+01,2.110000000000000000e+02,4.623375000000000234e+00
1.400000000000000000e+01,2.280000000000000000e+02,4.623375000000000234e+00
1.500000000000000000e+01,2.280000000000000000e+02,4.623375000000000234e+00
1.500000000000000000e+01,2.290000000000000000e+02,4.623375000000000234e+00
