1.333333333333333481e+00
2.166666666666666963e+00
4.583333333333333037e+00
6.333333333333333925e+00
1.325000000000000000e+01
2.050000000000000000e+01
2.175000000000000000e+01
1.458333333333333393e+01
9.750000000000000000e+00
1.441666666666666607e+01
2.025000000000000000e+01
1.691666666666666430e+01
1.258333333333333215e+01
1.133333333333333215e+01
1.008333333333333215e+01
8.416666666666666075e+00
7.249999999999999112e+00
6.583333333333333037e+00
4.916666666666666075e+00
3.833333333333333037e+00
4.333333333333333925e+00
3.916666666666666963e+00
2.916666666666666519e+00
2.250000000000000000e+00
2.166666666666666963e+00
1.666666666666666741e+00
2.166666666666666963e+00
1.750000000000000222e+00
1.333333333333333481e+00
9.166666666666666297e-01
1.000000000000000000e+00
1.000000000000000000e+00
1.750000000000000222e+00
1.750000000000000222e+00
1.750000000000000222e+00
1.500000000000000000e+00
1.416666666666666519e+00
1.750000000000000222e+00
2.250000000000000000e+00
2.250000000000000000e+00
2.333333333333333481e+00
1.833333333333333259e+00
1.916666666666666519e+00
1.750000000000000222e+00
1.583333333333333481e+00
9.166666666666666297e-01
3.333333333333333703e-01
6.666666666666667407e-01
4.166666666666666852e-01
2.500000000000000000e-01
1.666666666666666852e-01
1.666666666666666852e-01
1.666666666666666852e-01
0.000000000000000000e+00
0.000000000000000000e+00
0.000000000000000000e+00
0.000000000000000000e+00
0.000000000000000000e+00
3.333333333333333703e-01
6.666666666666667407e-01
5.000000000000000000e-01
1.333333333333333481e+00
1.083333333333333481e+00
1.416666666666666519e+00
1.000000000000000000e+00
1.500000000000000000e+00
1.416666666666666519e+00
1.500000000000000000e+00
8.333333333333333703e-01
5.833333333333333703e-01
1.250000000000000000e+00
1.083333333333333481e+00
1.166666666666666741e+00
5.000000000000000000e-01
8.333333333333333703e-01
3.333333333333333703e-01
8.333333333333333703e-01
9.166666666666666297e-01
1.000000000000000000e+00
1.083333333333333481e+00
1.000000000000000000e+00
1.583333333333333481e+00
5.833333333333333703e-01
1.166666666666666741e+00
1.750000000000000222e+00
1.833333333333333259e+00
1.333333333333333481e+00
2.583333333333333481e+00
3.166666666666666963e+00
1.583333333333333481e+00
1.583333333333333481e+00
1.083333333333333481e+00
6.666666666666667407e-01
1.333333333333333481e+00
2.083333333333333037e+00
3.333333333333333703e-01
