0.000000000000000000e+00
0.000000000000000000e+00
0.000000000000000000e+00
0.000000000000000000e+00
0.000000000000000000e+00
0.000000000000000000e+00
0.000000000000000000e+00
5.714285714285713969e-01
1.357142857142857206e+00
1.785714285714285587e+00
2.214285714285713969e+00
3.142857142857143238e+00
3.285714285714285587e+00
3.714285714285714413e+00
3.785714285714286031e+00
3.785714285714286031e+00
3.500000000000000444e+00
3.142857142857143238e+00
3.142857142857143238e+00
3.071428571428571619e+00
2.785714285714285587e+00
2.428571428571428381e+00
2.285714285714285587e+00
1.928571428571428381e+00
1.857142857142857206e+00
1.571428571428571619e+00
1.500000000000000000e+00
1.357142857142857206e+00
9.285714285714286031e-01
7.857142857142858094e-01
6.428571428571427937e-01
5.714285714285713969e-01
3.571428571428571508e-01
2.142857142857143016e-01
2.142857142857143016e-01
7.142857142857142461e-02
0.000000000000000000e+00
0.000000000000000000e+00
0.000000000000000000e+00
0.000000000000000000e+00
0.000000000000000000e+00
0.000000000000000000e+00
0.000000000000000000e+00
0.000000000000000000e+00
0.000000000000000000e+00
0.000000000000000000e+00
0.000000000000000000e+00
0.000000000000000000e+00
0.000000000000000000e+00
0.000000000000000000e+00
0.000000000000000000e+00
0.000000000000000000e+00
0.000000000000000000e+00
0.000000000000000000e+00
0.000000000000000000e+00
0.000000000000000000e+00
0.000000000000000000e+00
0.000000000000000000e+00
0.000000000000000000e+00
0.000000000000000000e+00
0.000000000000000000e+00
0.000000000000000000e+00
0.000000000000000000e+00
0.000000000000000000e+00
0.000000000000000000e+00
0.000000000000000000e+00
0.000000000000000000e+00
0.000000000000000000e+00
0.000000000000000000e+00
0.000000000000000000e+00
7.142857142857142461e-02
2.142857142857143016e-01
2.142857142857143016e-01
2.857142857142856984e-01
2.857142857142856984e-01
3.571428571428571508e-01
3.571428571428571508e-01
5.000000000000000000e-01
6.428571428571427937e-01
7.857142857142858094e-01
9.285714285714286031e-01
1.142857142857142794e+00
1.428571428571428603e+00
1.571428571428571619e+00
1.857142857142857206e+00
2.000000000000000000e+00
2.428571428571428381e+00
2.642857142857142794e+00
2.857142857142857206e+00
2.928571428571428825e+00
3.214285714285713969e+00
3.357142857142857206e+00
3.642857142857142794e+00
4.000000000000000000e+00
4.142857142857142350e+00
4.500000000000000000e+00
4.500000000000000000e+00
4.642857142857143238e+00
5.000000000000000000e+00
5.285714285714285587e+00
5.285714285714285587e+00
5.214285714285714413e+00
5.214285714285714413e+00
5.214285714285714413e+00
5.357142857142856762e+00
5.214285714285714413e+00
5.142857142857142350e+00
5.500000000000000000e+00
5.714285714285714413e+00
5.785714285714285587e+00
6.000000000000000000e+00
6.214285714285714413e+00
6.642857142857143238e+00
7.285714285714285587e+00
8.000000000000000000e+00
8.285714285714284699e+00
8.857142857142855874e+00
9.285714285714286476e+00
9.642857142857144126e+00
9.857142857142857650e+00
1.014285714285714235e+01
1.050000000000000000e+01
1.071428571428571352e+01
1.085714285714285765e+01
1.135714285714285765e+01
1.200000000000000000e+01
1.242857142857142883e+01
1.250000000000000000e+01
1.278571428571428648e+01
1.292857142857142883e+01
1.300000000000000000e+01
1.285714285714285587e+01
1.264285714285714235e+01
1.257142857142857295e+01
1.221428571428571352e+01
1.242857142857142883e+01
1.228571428571428648e+01
1.214285714285714235e+01
1.171428571428571530e+01
1.142857142857142883e+01
1.114285714285714235e+01
1.100000000000000000e+01
1.057142857142857117e+01
1.021428571428571530e+01
9.928571428571428825e+00
9.357142857142857650e+00
8.714285714285715301e+00
8.142857142857144126e+00
7.000000000000000888e+00
6.071428571428571175e+00
5.142857142857142350e+00
4.714285714285714413e+00
4.142857142857142350e+00
3.785714285714286031e+00
3.285714285714285587e+00
2.928571428571428825e+00
2.571428571428571175e+00
2.357142857142857206e+00
2.142857142857142794e+00
2.000000000000000000e+00
1.714285714285714413e+00
1.571428571428571619e+00
1.214285714285714191e+00
9.285714285714286031e-01
7.142857142857143016e-01
7.142857142857143016e-01
7.142857142857143016e-01
6.428571428571427937e-01
5.714285714285713969e-01
5.714285714285713969e-01
6.428571428571427937e-01
5.714285714285713969e-01
5.714285714285713969e-01
5.714285714285713969e-01
5.714285714285713969e-01
5.714285714285713969e-01
4.285714285714286031e-01
4.285714285714286031e-01
3.571428571428571508e-01
2.857142857142856984e-01
3.571428571428571508e-01
3.571428571428571508e-01
4.285714285714286031e-01
4.285714285714286031e-01
5.000000000000000000e-01
4.285714285714286031e-01
5.714285714285713969e-01
5.714285714285713969e-01
5.714285714285713969e-01
5.000000000000000000e-01
6.428571428571427937e-01
8.571428571428572063e-01
1.000000000000000000e+00
1.357142857142857206e+00
1.357142857142857206e+00
1.571428571428571619e+00
1.928571428571428381e+00
2.214285714285713969e+00
2.642857142857142794e+00
2.714285714285714413e+00
2.785714285714285587e+00
2.785714285714285587e+00
2.571428571428571175e+00
2.500000000000000000e+00
2.571428571428571175e+00
2.642857142857142794e+00
2.500000000000000000e+00
2.571428571428571175e+00
2.428571428571428381e+00
2.571428571428571175e+00
2.642857142857142794e+00
2.785714285714285587e+00
2.928571428571428825e+00
2.857142857142857206e+00
3.000000000000000000e+00
2.928571428571428825e+00
2.857142857142857206e+00
2.571428571428571175e+00
2.785714285714285587e+00
2.857142857142857206e+00
3.071428571428571619e+00
3.142857142857143238e+00
3.214285714285713969e+00
3.714285714285714413e+00
3.857142857142856762e+00
4.214285714285714413e+00
4.428571428571427937e+00
4.714285714285714413e+00
5.071428571428571175e+00
5.357142857142856762e+00
5.785714285714285587e+00
5.714285714285714413e+00
5.642857142857142350e+00
5.785714285714285587e+00
5.642857142857142350e+00
5.785714285714285587e+00
5.571428571428571175e+00
5.428571428571428825e+00
5.285714285714285587e+00
5.357142857142856762e+00
5.285714285714285587e+00
5.285714285714285587e+00
5.071428571428571175e+00
4.785714285714285587e+00
4.785714285714285587e+00
4.142857142857142350e+00
3.928571428571428381e+00
3.500000000000000444e+00
3.357142857142857206e+00
2.928571428571428825e+00
2.785714285714285587e+00
2.714285714285714413e+00
2.571428571428571175e+00
2.214285714285713969e+00
2.000000000000000000e+00
1.642857142857142794e+00
1.285714285714285587e+00
1.214285714285714191e+00
1.214285714285714191e+00
1.000000000000000000e+00
9.285714285714286031e-01
7.142857142857143016e-01
5.714285714285713969e-01
4.285714285714286031e-01
3.571428571428571508e-01
2.857142857142856984e-01
2.857142857142856984e-01
1.428571428571428492e-01
7.142857142857142461e-02
7.142857142857142461e-02
7.142857142857142461e-02
7.142857142857142461e-02
1.428571428571428492e-01
1.428571428571428492e-01
1.428571428571428492e-01
1.428571428571428492e-01
1.428571428571428492e-01
1.428571428571428492e-01
7.142857142857142461e-02
7.142857142857142461e-02
0.000000000000000000e+00
0.000000000000000000e+00
0.000000000000000000e+00
7.142857142857142461e-02
1.428571428571428492e-01
1.428571428571428492e-01
7.142857142857142461e-02
1.428571428571428492e-01
2.142857142857143016e-01
5.000000000000000000e-01
7.142857142857143016e-01
8.571428571428572063e-01
7.142857142857143016e-01
9.285714285714286031e-01
1.214285714285714191e+00
1.285714285714285587e+00
1.428571428571428603e+00
1.571428571428571619e+00
2.000000000000000000e+00
2.000000000000000000e+00
2.000000000000000000e+00
2.000000000000000000e+00
1.928571428571428381e+00
1.857142857142857206e+00
1.785714285714285587e+00
1.928571428571428381e+00
1.571428571428571619e+00
1.285714285714285587e+00
1.000000000000000000e+00
1.000000000000000000e+00
1.071428571428571397e+00
9.285714285714286031e-01
7.857142857142858094e-01
8.571428571428572063e-01
1.000000000000000000e+00
1.071428571428571397e+00
1.285714285714285587e+00
1.500000000000000000e+00
1.714285714285714413e+00
1.857142857142857206e+00
2.071428571428571175e+00
2.357142857142857206e+00
2.714285714285714413e+00
2.857142857142857206e+00
3.285714285714285587e+00
3.500000000000000444e+00
4.000000000000000000e+00
4.642857142857143238e+00
5.285714285714285587e+00
6.500000000000000000e+00
6.857142857142857650e+00
7.571428571428572063e+00
8.000000000000000000e+00
8.857142857142855874e+00
9.571428571428571175e+00
1.021428571428571530e+01
1.085714285714285765e+01
1.121428571428571352e+01
1.171428571428571530e+01
1.207142857142857117e+01
1.264285714285714235e+01
1.264285714285714235e+01
1.321428571428571530e+01
1.342857142857142883e+01
1.414285714285714235e+01
1.442857142857142883e+01
1.449999999999999822e+01
1.464285714285714413e+01
1.514285714285714413e+01
1.507142857142857117e+01
1.521428571428571352e+01
1.500000000000000000e+01
1.514285714285714413e+01
1.485714285714285765e+01
1.471428571428571352e+01
1.442857142857142883e+01
1.421428571428571530e+01
1.400000000000000178e+01
1.385714285714285765e+01
1.364285714285714235e+01
1.307142857142857295e+01
1.271428571428571352e+01
1.228571428571428648e+01
1.207142857142857117e+01
1.178571428571428470e+01
1.150000000000000000e+01
1.142857142857142883e+01
1.128571428571428470e+01
1.100000000000000000e+01
1.085714285714285765e+01
1.100000000000000000e+01
1.042857142857142883e+01
1.014285714285714235e+01
9.500000000000000000e+00
9.357142857142857650e+00
9.071428571428571175e+00
8.500000000000000000e+00
8.500000000000000000e+00
8.000000000000000000e+00
7.500000000000000000e+00
7.142857142857142350e+00
6.928571428571428825e+00
6.214285714285714413e+00
5.785714285714285587e+00
4.928571428571428825e+00
4.285714285714285587e+00
3.714285714285714413e+00
3.214285714285713969e+00
2.571428571428571175e+00
2.285714285714285587e+00
1.714285714285714413e+00
1.214285714285714191e+00
1.071428571428571397e+00
7.857142857142858094e-01
5.714285714285713969e-01
4.285714285714286031e-01
3.571428571428571508e-01
2.142857142857143016e-01
2.142857142857143016e-01
2.142857142857143016e-01
2.142857142857143016e-01
2.142857142857143016e-01
2.142857142857143016e-01
1.428571428571428492e-01
1.428571428571428492e-01
1.428571428571428492e-01
1.428571428571428492e-01
1.428571428571428492e-01
1.428571428571428492e-01
2.142857142857143016e-01
2.142857142857143016e-01
2.857142857142856984e-01
2.857142857142856984e-01
2.142857142857143016e-01
1.428571428571428492e-01
1.428571428571428492e-01
1.428571428571428492e-01
1.428571428571428492e-01
1.428571428571428492e-01
1.428571428571428492e-01
3.571428571428571508e-01
4.285714285714286031e-01
4.285714285714286031e-01
5.000000000000000000e-01
5.000000000000000000e-01
5.714285714285713969e-01
6.428571428571427937e-01
7.142857142857143016e-01
9.285714285714286031e-01
1.000000000000000000e+00
1.142857142857142794e+00
1.214285714285714191e+00
1.214285714285714191e+00
1.357142857142857206e+00
1.285714285714285587e+00
1.642857142857142794e+00
1.928571428571428381e+00
2.357142857142857206e+00
2.428571428571428381e+00
2.571428571428571175e+00
2.857142857142857206e+00
3.142857142857143238e+00
3.357142857142857206e+00
3.785714285714286031e+00
4.214285714285714413e+00
4.571428571428571175e+00
4.642857142857143238e+00
4.642857142857143238e+00
4.785714285714285587e+00
4.714285714285714413e+00
4.857142857142856762e+00
4.785714285714285587e+00
4.285714285714285587e+00
4.142857142857142350e+00
3.357142857142857206e+00
2.142857142857142794e+00
4.285714285714286031e-01
0.000000000000000000e+00
0.000000000000000000e+00
0.000000000000000000e+00
0.000000000000000000e+00
0.000000000000000000e+00
0.000000000000000000e+00
