0.000000000000000000e+00
0.000000000000000000e+00
0.000000000000000000e+00
0.000000000000000000e+00
0.000000000000000000e+00
0.000000000000000000e+00
0.000000000000000000e+00
0.000000000000000000e+00
0.000000000000000000e+00
0.000000000000000000e+00
0.000000000000000000e+00
0.000000000000000000e+00
0.000000000000000000e+00
3.348214285714285615e-02
5.580357142857142461e-02
6.696428571428571230e-02
3.348214285714285615e-02
2.232142857142857192e-02
1.116071428571428596e-02
1.116071428571428596e-02
0.000000000000000000e+00
0.000000000000000000e+00
0.000000000000000000e+00
1.116071428571428596e-02
0.000000000000000000e+00
2.232142857142857192e-02
1.116071428571428596e-02
0.000000000000000000e+00
1.116071428571428596e-02
1.116071428571428596e-02
0.000000000000000000e+00
0.000000000000000000e+00
4.464285714285714385e-02
1.339285714285714246e-01
1.674107142857142738e-01
2.008928571428571230e-01
1.785714285714285754e-01
1.450892857142857262e-01
1.116071428571428492e-01
1.116071428571428492e-01
1.450892857142857262e-01
8.928571428571428770e-02
1.674107142857142738e-01
1.450892857142857262e-01
1.674107142857142738e-01
1.450892857142857262e-01
1.562500000000000000e-01
1.004464285714285615e-01
1.004464285714285615e-01
7.812500000000000000e-02
6.696428571428571230e-02
1.116071428571428596e-02
0.000000000000000000e+00
0.000000000000000000e+00
0.000000000000000000e+00
0.000000000000000000e+00
0.000000000000000000e+00
0.000000000000000000e+00
1.116071428571428596e-02
0.000000000000000000e+00
0.000000000000000000e+00
2.232142857142857192e-02
3.348214285714285615e-02
0.000000000000000000e+00
0.000000000000000000e+00
0.000000000000000000e+00
0.000000000000000000e+00
0.000000000000000000e+00
0.000000000000000000e+00
0.000000000000000000e+00
0.000000000000000000e+00
0.000000000000000000e+00
0.000000000000000000e+00
0.000000000000000000e+00
0.000000000000000000e+00
0.000000000000000000e+00
0.000000000000000000e+00
1.116071428571428596e-02
2.232142857142857192e-02
2.232142857142857192e-02
0.000000000000000000e+00
4.464285714285714385e-02
3.348214285714285615e-02
6.696428571428571230e-02
1.004464285714285615e-01
1.116071428571428492e-01
1.339285714285714246e-01
1.004464285714285615e-01
8.928571428571428770e-02
6.696428571428571230e-02
1.116071428571428596e-02
1.116071428571428596e-02
0.000000000000000000e+00
0.000000000000000000e+00
0.000000000000000000e+00
0.000000000000000000e+00
0.000000000000000000e+00
0.000000000000000000e+00
0.000000000000000000e+00
0.000000000000000000e+00
0.000000000000000000e+00
0.000000000000000000e+00
0.000000000000000000e+00
0.000000000000000000e+00
0.000000000000000000e+00
0.000000000000000000e+00
0.000000000000000000e+00
0.000000000000000000e+00
0.000000000000000000e+00
0.000000000000000000e+00
0.000000000000000000e+00
0.000000000000000000e+00
0.000000000000000000e+00
0.000000000000000000e+00
2.232142857142857192e-02
1.116071428571428596e-02
1.116071428571428596e-02
0.000000000000000000e+00
0.000000000000000000e+00
0.000000000000000000e+00
0.000000000000000000e+00
0.000000000000000000e+00
0.000000000000000000e+00
0.000000000000000000e+00
0.000000000000000000e+00
0.000000000000000000e+00
0.000000000000000000e+00
0.000000000000000000e+00
0.000000000000000000e+00
0.000000000000000000e+00
0.000000000000000000e+00
