0.000000000000000000e+00
0.000000000000000000e+00
1.865671641791044610e-01
1.305970149253731227e+00
1.119402985074626766e+00
1.865671641791044610e+00
2.052238805970149294e+00
1.679104477611940371e+00
4.850746268656716431e+00
3.917910447761194348e+00
3.731343283582089221e+00
3.358208955223880743e+00
3.731343283582089221e-01
0.000000000000000000e+00
0.000000000000000000e+00
0.000000000000000000e+00
2.611940298507462455e+00
3.917910447761194348e+00
5.597014925373134275e+00
3.022388059701492224e+01
1.436567164179104417e+01
6.902985074626865725e+00
8.582089552238805652e+00
8.582089552238805652e+00
