0.000000000000000000e+00
0.000000000000000000e+00
0.000000000000000000e+00
0.000000000000000000e+00
0.000000000000000000e+00
0.000000000000000000e+00
6.837606837606838295e-02
8.547008547008547175e-02
1.025641025641025605e-01
1.367521367521367659e-01
1.538461538461538547e-01
1.538461538461538547e-01
1.880341880341880323e-01
2.393162393162393264e-01
3.589743589743589758e-01
3.760683760683760646e-01
3.760683760683760646e-01
2.735042735042735318e-01
1.880341880341880323e-01
1.709401709401709435e-01
8.547008547008547175e-02
3.418803418803419147e-02
1.709401709401709574e-02
0.000000000000000000e+00
0.000000000000000000e+00
0.000000000000000000e+00
0.000000000000000000e+00
0.000000000000000000e+00
0.000000000000000000e+00
0.000000000000000000e+00
0.000000000000000000e+00
0.000000000000000000e+00
0.000000000000000000e+00
0.000000000000000000e+00
0.000000000000000000e+00
0.000000000000000000e+00
0.000000000000000000e+00
0.000000000000000000e+00
0.000000000000000000e+00
0.000000000000000000e+00
0.000000000000000000e+00
0.000000000000000000e+00
0.000000000000000000e+00
0.000000000000000000e+00
0.000000000000000000e+00
0.000000000000000000e+00
0.000000000000000000e+00
0.000000000000000000e+00
1.709401709401709574e-02
1.709401709401709574e-02
1.709401709401709574e-02
1.709401709401709574e-02
1.709401709401709574e-02
1.709401709401709574e-02
0.000000000000000000e+00
0.000000000000000000e+00
0.000000000000000000e+00
0.000000000000000000e+00
0.000000000000000000e+00
0.000000000000000000e+00
0.000000000000000000e+00
0.000000000000000000e+00
0.000000000000000000e+00
0.000000000000000000e+00
0.000000000000000000e+00
0.000000000000000000e+00
1.709401709401709574e-02
1.709401709401709574e-02
3.418803418803419147e-02
3.418803418803419147e-02
3.418803418803419147e-02
3.418803418803419147e-02
3.418803418803419147e-02
1.709401709401709574e-02
3.418803418803419147e-02
1.709401709401709574e-02
1.709401709401709574e-02
6.837606837606838295e-02
6.837606837606838295e-02
6.837606837606838295e-02
6.837606837606838295e-02
8.547008547008547175e-02
8.547008547008547175e-02
8.547008547008547175e-02
6.837606837606838295e-02
6.837606837606838295e-02
5.128205128205128027e-02
3.418803418803419147e-02
1.709401709401709574e-02
0.000000000000000000e+00
0.000000000000000000e+00
0.000000000000000000e+00
0.000000000000000000e+00
0.000000000000000000e+00
0.000000000000000000e+00
0.000000000000000000e+00
0.000000000000000000e+00
0.000000000000000000e+00
0.000000000000000000e+00
0.000000000000000000e+00
0.000000000000000000e+00
0.000000000000000000e+00
0.000000000000000000e+00
0.000000000000000000e+00
0.000000000000000000e+00
0.000000000000000000e+00
0.000000000000000000e+00
0.000000000000000000e+00
0.000000000000000000e+00
0.000000000000000000e+00
0.000000000000000000e+00
0.000000000000000000e+00
3.418803418803419147e-02
3.418803418803419147e-02
3.418803418803419147e-02
6.837606837606838295e-02
6.837606837606838295e-02
1.025641025641025605e-01
1.196581196581196632e-01
1.196581196581196632e-01
1.196581196581196632e-01
1.367521367521367659e-01
1.709401709401709435e-01
1.880341880341880323e-01
2.051282051282051211e-01
2.393162393162393264e-01
2.393162393162393264e-01
2.393162393162393264e-01
2.051282051282051211e-01
2.051282051282051211e-01
1.880341880341880323e-01
1.709401709401709435e-01
1.538461538461538547e-01
1.367521367521367659e-01
1.196581196581196632e-01
1.538461538461538547e-01
1.367521367521367659e-01
1.367521367521367659e-01
1.367521367521367659e-01
1.538461538461538547e-01
1.538461538461538547e-01
1.196581196581196632e-01
1.025641025641025605e-01
1.025641025641025605e-01
1.025641025641025605e-01
1.025641025641025605e-01
8.547008547008547175e-02
6.837606837606838295e-02
8.547008547008547175e-02
1.025641025641025605e-01
1.025641025641025605e-01
1.196581196581196632e-01
1.367521367521367659e-01
1.196581196581196632e-01
6.837606837606838295e-02
3.418803418803419147e-02
0.000000000000000000e+00
0.000000000000000000e+00
0.000000000000000000e+00
0.000000000000000000e+00
0.000000000000000000e+00
0.000000000000000000e+00
0.000000000000000000e+00
1.709401709401709574e-02
1.709401709401709574e-02
1.709401709401709574e-02
3.418803418803419147e-02
3.418803418803419147e-02
1.709401709401709574e-02
3.418803418803419147e-02
3.418803418803419147e-02
5.128205128205128027e-02
6.837606837606838295e-02
8.547008547008547175e-02
8.547008547008547175e-02
6.837606837606838295e-02
5.128205128205128027e-02
1.709401709401709574e-02
0.000000000000000000e+00
1.709401709401709574e-02
1.709401709401709574e-02
1.709401709401709574e-02
1.709401709401709574e-02
1.709401709401709574e-02
1.709401709401709574e-02
1.709401709401709574e-02
1.709401709401709574e-02
1.709401709401709574e-02
0.000000000000000000e+00
0.000000000000000000e+00
0.000000000000000000e+00
0.000000000000000000e+00
0.000000000000000000e+00
0.000000000000000000e+00
0.000000000000000000e+00
0.000000000000000000e+00
0.000000000000000000e+00
0.000000000000000000e+00
0.000000000000000000e+00
0.000000000000000000e+00
0.000000000000000000e+00
0.000000000000000000e+00
0.000000000000000000e+00
0.000000000000000000e+00
0.000000000000000000e+00
0.000000000000000000e+00
0.000000000000000000e+00
0.000000000000000000e+00
0.000000000000000000e+00
0.000000000000000000e+00
0.000000000000000000e+00
0.000000000000000000e+00
0.000000000000000000e+00
1.709401709401709574e-02
1.709401709401709574e-02
1.709401709401709574e-02
1.709401709401709574e-02
3.418803418803419147e-02
1.709401709401709574e-02
1.709401709401709574e-02
0.000000000000000000e+00
0.000000000000000000e+00
1.709401709401709574e-02
1.709401709401709574e-02
1.709401709401709574e-02
1.709401709401709574e-02
0.000000000000000000e+00
0.000000000000000000e+00
0.000000000000000000e+00
0.000000000000000000e+00
1.709401709401709574e-02
1.709401709401709574e-02
1.709401709401709574e-02
1.709401709401709574e-02
3.418803418803419147e-02
3.418803418803419147e-02
1.709401709401709574e-02
1.709401709401709574e-02
0.000000000000000000e+00
0.000000000000000000e+00
0.000000000000000000e+00
0.000000000000000000e+00
0.000000000000000000e+00
0.000000000000000000e+00
0.000000000000000000e+00
0.000000000000000000e+00
0.000000000000000000e+00
0.000000000000000000e+00
0.000000000000000000e+00
0.000000000000000000e+00
0.000000000000000000e+00
0.000000000000000000e+00
0.000000000000000000e+00
5.128205128205128027e-02
1.538461538461538547e-01
2.051282051282051211e-01
2.222222222222222099e-01
2.393162393162393264e-01
1.880341880341880323e-01
8.547008547008547175e-02
3.418803418803419147e-02
0.000000000000000000e+00
0.000000000000000000e+00
0.000000000000000000e+00
0.000000000000000000e+00
0.000000000000000000e+00
0.000000000000000000e+00
0.000000000000000000e+00
0.000000000000000000e+00
0.000000000000000000e+00
