0.000000000000000000e+00
0.000000000000000000e+00
6.793478260869565410e-01
3.985507246376811086e+00
2.038043478260869623e+00
1.476449275362318758e+01
2.545289855072464036e+01
3.152173913043478493e+01
3.396739130434782794e+01
3.378623188405796895e+01
3.482789855072464036e+01
3.469202898550724257e+01
3.586956521739130466e+01
3.663949275362318758e+01
3.555253623188405498e+01
3.396739130434782794e+01
2.844202898550724612e+01
2.395833333333333570e+01
2.133152173913043370e+01
2.028985507246376940e+01
2.219202898550724612e+01
2.459239130434782794e+01
2.839673913043478493e+01
3.165760869565217206e+01
3.614130434782608603e+01
3.903985507246376585e+01
4.030797101449275743e+01
4.288949275362318758e+01
4.026268115942028913e+01
3.804347826086956985e+01
3.722826086956521863e+01
3.591485507246376585e+01
3.306159420289855433e+01
2.925724637681159734e+01
2.826086956521739069e+01
2.807971014492753881e+01
2.604166666666666785e+01
2.509057971014492949e+01
2.481884057971014457e+01
2.984601449275362484e+01
2.971014492753623060e+01
2.468297101449275388e+01
2.857789855072464036e+01
2.087862318840579690e+01
2.128623188405797251e+01
2.078804347826087096e+01
1.666666666666666430e+01
1.562500000000000000e+01
2.346014492753623060e+01
1.970108695652173836e+01
1.965579710144927716e+01
2.427536231884057827e+01
1.983695652173912904e+01
3.066123188405797251e+01
2.749094202898551131e+01
3.238224637681159379e+01
3.351449275362318758e+01
3.265398550724637516e+01
3.437500000000000000e+01
2.943840579710144567e+01
2.219202898550724612e+01
1.336050724637681242e+01
7.608695652173913970e+00
5.661231884057970731e+00
5.615942028985506873e+00
5.887681159420290022e+00
7.563405797101449224e+00
1.259057971014492772e+01
1.784420289855072284e+01
2.074275362318840621e+01
2.427536231884057827e+01
2.726449275362318758e+01
2.789855072463768337e+01
2.916666666666666785e+01
2.690217391304347672e+01
1.798007246376811707e+01
1.086956521739130466e+01
6.114130434782608425e+00
5.434782608695651884e-01
4.528985507246376940e-01
